1,1531,882235191,-1728368974,115272032,-706686186,
2,2531,1324542410,-1575282321,335121690,-582696273,
3,3531,1579274488,-1204681150,457721268,-300677713,
4,4531,1610655265,-668615359,465852092,99760836,
5,5531,1414277146,-42373818,358372149,562378988,
6,6531,1017721074,586089736,150376717,1022203390,
7,7531,476682092,1128509406,-128921905,1414653065,
8,8531,-132852513,1508704083,-440297015,1684609633,
9,9531,-725275372,1673276348,-740016928,1794158512,
10,10531,-1217382501,1599112731,-985986832,1727913812,
11,11531,-1540058939,1296629245,-1143661084,1495179501,
12,12531,-1647985635,808308658,-1190894677,1128642381,
13,13531,-1526004660,202734321,-1121053886,679781476,
14,14531,-1191247832,-435042771,-943947591,211637999,
15,15531,-690730873,-1015448659,-684449885,-210038710,
16,16531,-94749793,-1456967101,-379006421,-526025354,
17,17531,512991587,-1697588077,-70515826,-691942620,
18,18531,1047137789,-1703517186,197695302,-684487908,
19,19531,1432669681,-1473921544,387957518,-504708262,
20,20531,1615440289,-1041047413,473549055,-177853014,
21,21531,1569780095,-465690480,442448782,250171815,
22,22531,1302101883,171342021,299024763,719251473,
23,23531,850000461,780580791,63420356,1163505109,
24,24531,276971890,1276460017,-231274445,1520538593,
25,25531,-336503542,1589334969,-543670632,1740207603,
26,26531,-904265023,1675263141,-829893103,1791660459,
27,27531,-1346572242,1522176488,-1049742760,1667670546,
28,28531,-1601304321,1151575317,-1172342338,1385651986,
29,29531,-1632685098,615509526,-1180473162,985213436,
30,30531,-1436306979,-10732016,-1072993219,522595284,
31,31531,-1039750907,-639195569,-864997787,62770883,
32,32531,-498711925,-1181615240,-585699165,-329678793,
33,33531,110822681,-1561809916,-274324055,-599635361,
34,34531,703245539,-1726382181,25395857,-709184239,
35,35531,1195352669,-1652218564,271365762,-642939540,
36,36531,1518029106,-1349735079,429040014,-410205229,
37,37531,1625955803,-861414491,476273607,-43668109,
38,38531,1503974828,-255840154,406432816,405192796,
39,39531,1169217999,381936937,229326521,873336274,
40,40531,668701041,962342826,-30171186,1295012982,
41,41531,72719961,1403861267,-335614650,1610999627,
42,42531,-535021419,1644482244,-644105244,1776916893,
43,43531,-1069167622,1650411353,-912316372,1769462180,
44,44531,-1454699514,1420815711,-1102578588,1589682534,
45,45531,-1637470121,987941580,-1188170125,1262827287,
46,46531,-1591809928,412584646,-1157069853,834802458,
47,47531,-1324131716,-224447854,-1013645833,365722799,
48,48531,-872030294,-833686624,-778041427,-78530836,
49,49531,-299001722,-1329565850,-483346625,-435564321,
50,50531,314473710,-1642440802,-170950438,-655233331,
51,51531,882235191,-1728368974,115272032,-706686186,
52,52531,1324542410,-1575282321,335121690,-582696273,
53,53531,1579274488,-1204681150,457721268,-300677713,
54,54531,1610655265,-668615359,465852092,99760836,
55,55531,1414277146,-42373818,358372149,562378988,
56,56531,1017721074,586089736,150376717,1022203390,
57,57531,476682092,1128509406,-128921905,1414653065,
58,58531,-132852513,1508704083,-440297015,1684609633,
59,59531,-725275372,1673276348,-740016928,1794158512,
60,60531,-1217382501,1599112731,-985986832,1727913812,
61,61531,-1540058939,1296629245,-1143661084,1495179501,
62,62531,-1647985635,808308658,-1190894677,1128642381,
63,63531,-1526004660,202734321,-1121053886,679781476,
64,64531,-1191247832,-435042771,-943947591,211637999,
65,65531,-690730873,-1015448659,-684449885,-210038710,
66,66531,-94749793,-1456967101,-379006421,-526025354,
67,67531,512991587,-1697588077,-70515826,-691942620,
68,68531,1047137789,-1703517186,197695302,-684487908,
69,69531,1432669681,-1473921544,387957518,-504708262,
70,70531,1615440289,-1041047413,473549055,-177853014,
71,71531,1569780095,-465690480,442448782,250171815,
72,72531,1302101883,171342021,299024763,719251473,
73,73531,850000461,780580791,63420356,1163505109,
74,74531,276971890,1276460017,-231274445,1520538593,
75,75531,-336503542,1589334969,-543670632,1740207603,
76,76531,-904265023,1675263141,-829893103,1791660459,
77,77531,-1346572242,1522176488,-1049742760,1667670546,
78,78531,-1601304321,1151575317,-1172342338,1385651986,
79,79531,-1632685098,615509526,-1180473162,985213436,
80,80531,-1436306979,-10732016,-1072993219,522595284,
81,81531,-1039750907,-639195569,-864997787,62770883,
82,82531,-498711925,-1181615240,-585699165,-329678793,
83,83531,110822681,-1561809916,-274324055,-599635361,
84,84531,703245539,-1726382181,25395857,-709184239,
85,85531,1195352669,-1652218564,271365762,-642939540,
86,86531,1518029106,-1349735079,429040014,-410205229,
87,87531,1625955803,-861414491,476273607,-43668109,
88,88531,1503974828,-255840154,406432816,405192796,
89,89531,1169217999,381936937,229326521,873336274,
90,90531,668701041,962342826,-30171186,1295012982,
91,91531,72719961,1403861267,-335614650,1610999627,
92,92531,-535021419,1644482244,-644105244,1776916893,
93,93531,-1069167622,1650411353,-912316372,1769462180,
94,94531,-1454699514,1420815711,-1102578588,1589682534,
95,95531,-1637470121,987941580,-1188170125,1262827287,
96,96531,-1591809928,412584646,-1157069853,834802458,
97,97531,-1324131716,-224447854,-1013645833,365722799,
98,98531,-872030294,-833686624,-778041427,-78530836,
99,99531,-299001722,-1329565850,-483346625,-435564321,
100,100531,314473710,-1642440802,-170950438,-655233331,
101,101531,882235191,-1728368974,115272032,-706686186,
102,102531,1324542410,-1575282321,335121690,-582696273,
103,103531,1579274488,-1204681150,457721268,-300677713,
104,104531,1610655265,-668615359,465852092,99760836,
105,105531,1414277146,-42373818,358372149,562378988,
106,106531,1017721074,586089736,150376717,1022203390,
107,107531,476682092,1128509406,-128921905,1414653065,
108,108531,-132852513,1508704083,-440297015,1684609633,
109,109531,-725275372,1673276348,-740016928,1794158512,
110,110531,-1217382501,1599112731,-985986832,1727913812,
111,111531,-1540058939,1296629245,-1143661084,1495179501,
112,112531,-1647985635,808308658,-1190894677,1128642381,
113,113531,-1526004660,202734321,-1121053886,679781476,
114,114531,-1191247832,-435042771,-943947591,211637999,
115,115531,-690730873,-1015448659,-684449885,-210038710,
116,116531,-94749793,-1456967101,-379006421,-526025354,
117,117531,512991587,-1697588077,-70515826,-691942620,
118,118531,1047137789,-1703517186,197695302,-684487908,
119,119531,1432669681,-1473921544,387957518,-504708262,
120,120531,1615440289,-1041047413,473549055,-177853014,
121,121531,1569780095,-465690480,442448782,250171815,
122,122531,1302101883,171342021,299024763,719251473,
123,123531,850000461,780580791,63420356,1163505109,
124,124531,276971890,1276460017,-231274445,1520538593,
125,125531,-336503542,1589334969,-543670632,1740207603,
126,126531,-904265023,1675263141,-829893103,1791660459,
127,127531,-1346572242,1522176488,-1049742760,1667670546,
128,128531,-1601304321,1151575317,-1172342338,1385651986,
129,129531,-1632685098,615509526,-1180473162,985213436,
130,130531,-1436306979,-10732016,-1072993219,522595284,
131,131531,-1039750907,-639195569,-864997787,62770883,
132,132531,-498711925,-1181615240,-585699165,-329678793,
133,133531,110822681,-1561809916,-274324055,-599635361,
134,134531,703245539,-1726382181,25395857,-709184239,
135,135531,1195352669,-1652218564,271365762,-642939540,
136,136531,1518029106,-1349735079,429040014,-410205229,
137,137531,1625955803,-861414491,476273607,-43668109,
138,138531,1503974828,-255840154,406432816,405192796,
139,139531,1169217999,381936937,229326521,873336274,
140,140531,668701041,962342826,-30171186,1295012982,
141,141531,72719961,1403861267,-335614650,1610999627,
142,142531,-535021419,1644482244,-644105244,1776916893,
143,143531,-1069167622,1650411353,-912316372,1769462180,
144,144531,-1454699514,1420815711,-1102578588,1589682534,
145,145531,-1637470121,987941580,-1188170125,1262827287,
146,146531,-1591809928,412584646,-1157069853,834802458,
147,147531,-1324131716,-224447854,-1013645833,365722799,
148,148531,-872030294,-833686624,-778041427,-78530836,
149,149531,-299001722,-1329565850,-483346625,-435564321,
150,150531,314473710,-1642440802,-170950438,-655233331,
151,151531,882235191,-1728368974,115272032,-706686186,
152,152531,1324542410,-1575282321,335121690,-582696273,
153,153531,1579274488,-1204681150,457721268,-300677713,
154,154531,1610655265,-668615359,465852092,99760836,
155,155531,1414277146,-42373818,358372149,562378988,
156,156531,1017721074,586089736,150376717,1022203390,
157,157531,476682092,1128509406,-128921905,1414653065,
158,158531,-132852513,1508704083,-440297015,1684609633,
159,159531,-725275372,1673276348,-740016928,1794158512,
160,160531,-1217382501,1599112731,-985986832,1727913812,
161,161531,-1540058939,1296629245,-1143661084,1495179501,
162,162531,-1647985635,808308658,-1190894677,1128642381,
163,163531,-1526004660,202734321,-1121053886,679781476,
164,164531,-1191247832,-435042771,-943947591,211637999,
165,165531,-690730873,-1015448659,-684449885,-210038710,
166,166531,-94749793,-1456967101,-379006421,-526025354,
167,167531,512991587,-1697588077,-70515826,-691942620,
168,168531,1047137789,-1703517186,197695302,-684487908,
169,169531,1432669681,-1473921544,387957518,-504708262,
170,170531,1615440289,-1041047413,473549055,-177853014,
171,171531,1569780095,-465690480,442448782,250171815,
172,172531,1302101883,171342021,299024763,719251473,
173,173531,850000461,780580791,63420356,1163505109,
174,174531,276971890,1276460017,-231274445,1520538593,
175,175531,-336503542,1589334969,-543670632,1740207603,
176,176531,-904265023,1675263141,-829893103,1791660459,
177,177531,-1346572242,1522176488,-1049742760,1667670546,
178,178531,-1601304321,1151575317,-1172342338,1385651986,
179,179531,-1632685098,615509526,-1180473162,985213436,
180,180531,-1436306979,-10732016,-1072993219,522595284,
181,181531,-1039750907,-639195569,-864997787,62770883,
182,182531,-498711925,-1181615240,-585699165,-329678793,
183,183531,110822681,-1561809916,-274324055,-599635361,
184,184531,703245539,-1726382181,25395857,-709184239,
185,185531,1195352669,-1652218564,271365762,-642939540,
186,186531,1518029106,-1349735079,429040014,-410205229,
187,187531,1625955803,-861414491,476273607,-43668109,
188,188531,1503974828,-255840154,406432816,405192796,
189,189531,1169217999,381936937,229326521,873336274,
190,190531,668701041,962342826,-30171186,1295012982,
191,191531,72719961,1403861267,-335614650,1610999627,
192,192531,-535021419,1644482244,-644105244,1776916893,
193,193531,-1069167622,1650411353,-912316372,1769462180,
194,194531,-1454699514,1420815711,-1102578588,1589682534,
195,195531,-1637470121,987941580,-1188170125,1262827287,
196,196531,-1591809928,412584646,-1157069853,834802458,
197,197531,-1324131716,-224447854,-1013645833,365722799,
198,198531,-872030294,-833686624,-778041427,-78530836,
199,199531,-299001722,-1329565850,-483346625,-435564321,
200,200531,314473710,-1642440802,-170950438,-655233331,
201,201531,-297509078,-500101252,319377439,-1013327653,
202,202531,-44827425,-149682077,977962500,-1548447884,
203,203531,314446620,111801485,1549115319,-1940169911,
204,204531,465918737,522883726,1961916024,-2147483648,
205,205531,768387815,629977154,2147483647,-2125020433,
206,206531,695262196,921850651,2086991897,-1886789246,
207,207531,829260821,761559115,1780806269,-1453982110,
208,208531,508919839,840596052,1276020159,-893508254,
209,209531,471619366,427231052,638972956,-277237263,
210,210531,2713988,329047179,-40603143,307847598,
211,211531,-107406021,-194610180,-667815291,780368314,
212,212531,-549548431,-335034224,-1158282357,1079554227,
213,213531,-596262134,-765108661,-1439706711,1158294615,
214,214531,-844212353,-796412960,-1479933018,1016626317,
215,215531,-736528409,-967817356,-1266551638,664263897,
216,216531,-712436614,-813844558,-839798228,166048388,
217,217531,-462782035,-681738538,-250464174,-421779234,
218,218531,-213947213,-390863624,406760410,-998661128,
219,219531,63157905,-48473587,1049809220,-1498921828,
220,220531,395174260,229190415,1576056481,-1833905146,
221,221531,542556873,603782085,1921451426,-1971452385,
222,222531,798431169,695688170,2026330834,-1875399181,
223,223531,701854007,934635562,1884167022,-1571452914,
224,224531,789229848,743138797,1506094809,-1089117704,
225,225531,444609093,776313869,950476225,-504129608,
226,226531,381509341,336876322,289932490,109544295,
227,227531,-96801326,221252704,-381127791,663290941,
228,228531,-199520909,-307652716,-969963530,1081581030,
229,229531,-630781228,-427531840,-1396229105,1309228527,
230,230531,-639331978,-840344726,-1597559289,1310490127,
231,231531,-864659272,-821313479,-1551868201,1094425173,
232,232531,-705000535,-966842371,-1259484163,682272128,
233,233531,-664382224,-754933818,-770758392,145931119,
234,234531,-370609836,-608632792,-145571700,-452443103,
235,235531,-126927308,-275774805,516873363,-1011740728,
236,236531,170189831,53440083,1133760829,-1468804905,
237,237531,469704290,342248203,1606339757,-1741213351,
238,238531,609936527,674664944,1878572346,-1806139846,
239,239531,816008491,749506339,1900777708,-1637297854,
240,240531,697099652,932884168,1678763951,-1271924939,
241,241531,737223684,712237058,1234305880,-747190118,
242,242531,372571687,699693757,636251203,-146343326,
243,243531,285583346,240067419,-37701245,455692649,
244,244531,-195450969,109965598,-690009539,969957408,
245,245531,-288045178,-416689192,-1231553390,1327950591,
246,246531,-702458609,-513114768,-1587298464,1480964377,
247,247531,-672074531,-903219262,-1705738035,1405207043,
248,248531,-872151565,-833595884,-1575182040,1118742351,
249,249531,-662306435,-951456160,-1208687634,653887056,
250,250531,-606017597,-684219873,-666056695,88413835,
251,251531,-272420180,-526292595,-15267166,-510678407,
252,252531,-38100648,-156821351,641563245,-1043099234,
253,253531,274070747,153838641,1222300987,-1449194926,
254,254531,536764238,449211985,1633485617,-1654111622,
255,255531,667600335,734967842,1827914110,-1644984701,
256,256531,821044268,790890430,1766677253,-1405641454,
257,257531,680669144,916159498,1468019388,-984128838,
258,258531,673679551,669008056,963937400,-424674103,
259,259531,294112165,612100620,332593212,183038444,
260,260531,185676031,138703957,-344497784,764335834,
261,261531,-291566871,-2922305,-968103285,1231406289,
262,262531,-371798021,-520233622,-1454098317,1523925317,
263,263531,-763792910,-590729738,-1733977478,1600394867,
264,264531,-693928001,-952731567,-1767926823,1449267089,
265,265531,-866272994,-832673502,-1554875947,1097346240,
266,266531,-608877439,-921715344,-1120364210,587474275,
267,267531,-538538112,-602991101,-532698686,2200694,
268,268531,-170130985,-436490308,133211848,-587695323,
269,269531,51097270,-35796025,773827587,-1084332875,
270,270531,373704746,251619041,1308964496,-1432722967,
271,271531,595423762,548641239,1651919763,-1566591379,
272,272531,714242279,783243754,1765236088,-1483161917,
273,273531,813072504,818891030,1621315555,-1176573690,
274,274531,653085535,884939876,1250498662,-705163771,
275,275531,599981683,614601244,694418166,-119497775,
276,276531,210480243,514903349,39448223,485795264,
277,277531,82962799,34009550,-630322355,1037626075,
278,278531,-383818549,-115821948,-1215581654,1450583864,
279,279531,-449229474,-616410209,-1638620285,1673366839,
280,280531,-813585942,-658865359,-1838502473,1672394734,
281,281531,-704524362,-988114293,-1787672574,1448612319,
282,282531,-847365758,-818745056,-1495720325,1037167568,
283,283531,-545772072,-878372515,-1000239920,490697953,
284,284531,-462958608,-512378542,-377029812,-104752400,
285,285531,-64930827,-340286762,293257808,-675866468,
286,286531,139273858,85526808,907272631,-1128593684,
287,287531,467186226,344798398,1388171347,-1413457825,
288,288531,644458919,638768680,1657308398,-1473729856,
289,289531,749405556,818938154,1687540612,-1316981902,
290,290531,792556949,833523700,1462922569,-947722080,
291,291531,614771309,839630711,1025552297,-433613550,
292,292531,516819950,549464771,426062558,169422202,
293,293531,122889229,409486648,-242346990,763130228,
294,294531,-20609502,-71980686,-894464179,1277083455,
295,295531,-470516450,-226715672,-1432397866,1629636239,
296,296531,-519283378,-703858759,-1786018986,1779461456,
297,297531,-851319848,-716698100,-1902914372,1701415747,
298,298531,-703749503,-1008892988,-1768272165,1408837424,
299,299531,-815560812,-791786949,-1402237095,944635659,
300,300531,-473735684,-821910014,-853813865,370416341,
301,301531,-380573594,-413829552,-205095787,-225533265,
302,302531,41289536,-239518428,458838255,-768573823,
303,303531,224857525,205156533,1036398995,-1169911431,
304,304531,553295210,432074344,1455317652,-1386489856,
305,305531,683348693,718551705,1646157566,-1371979602,
306,306531,772494477,841356460,1592631334,-1144192110,
307,307531,759368682,834188985,1290704365,-717743020,
308,308531,566310962,780847825,793566955,-168728027,
309,309531,425827058,475049791,159918527,442414443,
310,310531,32939658,297686222,-511602011,1015333639,
311,311531,-123654579,-177799345,-1135962721,1483562012,
312,312531,-550566008,-334153779,-1618201430,1770460022,
313,313531,-580830360,-781155773,-1896968867,1845255176,
314,314531,-876111410,-763002123,-1929226998,1691562144,
315,315531,-691496328,-1014630388,-1713089544,1334987714,
316,316531,-771588030,-752407842,-1278895938,825610774,
317,317531,-394062255,-753438499,-686299743,232964742,
318,318531,-292696895,-308828781,-22458686,-353823721,
319,319531,147071996,-135623420,624498486,-860030932,
320,320531,306615322,321428156,1156308398,-1203439722,
321,321531,630607040,511907598,1506494797,-1348128795,
322,322531,711127754,786481918,1615891535,-1258782091,
323,323531,783191898,850096040,1479349050,-963308059,
324,324531,714289580,821251159,1104702375,-486175521,
325,325531,508653646,709629986,555467693,89217769,
326,326531,328165964,392336732,-102507532,699048216,
327,327531,-58190019,180949426,-766630272,1242404837,
328,328531,-224483623,-281645174,-1353508698,1657785571,
329,329531,-622361854,-436114780,-1772615256,1874637259,
330,330531,-632876597,-847033585,-1972308872,1873376752,
331,331531,-887850937,-797333662,-1919528753,1646691226,
332,332531,-668087386,-1005376612,-1625399976,1231993522,
333,333531,-716026609,-701071741,-1130028246,685673245,
334,334531,-307799296,-673864426,-502753515,84092307,
335,335531,-200716709,-198957321,165588845,-484105235,
336,336531,250610941,-30458202,785262508,-945306872,
337,337531,383046988,432383643,1262822918,-1225130669,
338,338531,698033891,583088468,1538651140,-1295475989,
339,339531,727515242,841760628,1564728275,-1132523148,
340,340531,781437324,845030938,1347196687,-773897944,
341,341531,657794202,794779704,905603925,-253408492,
342,342531,442536673,626831776,312864370,339490616,
343,343531,225442477,302789753,-359170430,938614882,
344,344531,-148723230,61400734,-1005556105,1443943977,
345,345531,-321549274,-381852078,-1545853157,1800061371,
346,346531,-685048175,-531324089,-1895299489,1943632836,
347,347531,-674715621,-900535112,-2012847375,1866570334,
348,348531,-886157279,-818950720,-1875968955,1570621099,
349,349531,-633701634,-981081175,-1508633365,1104446485,
350,350531,-649826649,-638637318,-960017980,529939785,
351,351531,-216511192,-584687240,-308029857,-70894832,
352,352531,-106172798,-85977808,354185268,-611342339,
353,353531,350473113,74456880,936697255,-1020142145,
354,354531,453033344,536455749,1352345128,-1231827748,
355,355531,754516426,644411247,1549371078,-1226599003,
356,356531,732052670,883410146,1491612949,-992427645,
357,357531,767190261,826073410,1196461023,-576149409,
358,358531,590846612,755379922,694779633,-20336619,
359,359531,369265921,533934924,67777361,580801181,
360,360531,119182971,207822400,-607845864,1159906772,
361,361531,-237438705,-59365233,-1226363908,1619384727,
362,362531,-413424154,-476872199,-1711633150,1910822648,
363,363531,-737417732,-618106881,-1985990421,1978971018,
364,364531,-705525833,-940598790,-2019672249,1827415222,
365,365531,-871156340,-827634920,-1800952792,1466972809,
366,366531,-589132953,-942382038,-1366260489,956859935,
367,367531,-574024884,-566060855,-773116746,363393948,
368,368531,-121406033,-487097819,-106802473,-227126918,
369,369531,-10511121,28424722,538726384,-731203707,
370,370531,444994207,177316117,1074818415,-1081032696,
371,371531,515302584,631912659,1421925849,-1221072353,
372,372531,799188623,694847615,1536983106,-1140230180,
373,373531,724767127,910977208,1396195960,-838406850,
374,374531,740836839,793596133,1027994999,-370967860,
375,375531,514357187,703627817,474039745,211538816,
376,376531,289880618,432183532,-177386578,811551142,
377,377531,10998051,108969708,-846017857,1361669888,
378,378531,-322735915,-179320490,-1426979668,1768139014,
379,379531,-498558827,-565021760,-1849683987,1990392202,
380,380531,-778733634,-695246742,-2044698465,1982124851,
381,381531,-725071779,-966797366,-1994036197,1758634285,
382,382531,-843017395,-823212308,-1696971900,1339511392,
383,383531,-534870356,-889645596,-1201875414,793588960,
384,384531,-489779113,-484439093,-573653176,190588344,
385,385531,-24136822,-382814534,96415951,-380193102,
386,386531,84614489,142337303,715032648,-839797049,
387,387531,532773233,276542337,1196195298,-1125032774,
388,388531,569006933,717460554,1469188333,-1191138782,
389,389531,831404123,733582406,1500390954,-1035894991,
390,390531,705588153,923933445,1278728698,-671042529,
391,391531,702755892,747976682,843247282,-159716668,
392,392531,429521693,640432620,245678256,440421966,
393,393531,205802033,323261048,-419955362,1029909160,
394,394531,-97382514,7920331,-1071144620,1542457637,
395,395531,-403345055,-296746013,-1605437994,1889577466,
396,396531,-575815005,-645032915,-1958964491,2039287289,
397,397531,-808234284,-761480868,-2071598307,1954825838,
398,398531,-732891533,-978497409,-1937478592,1663004727,
399,399531,-802148752,-805756381,-1566827426,1191857474,
400,400531,-471943809,-823852387,-1019193143,618841349,
401,401531,-398531152,-395183806,-365827382,15939900,
402,402531,73872293,-273376319,297376438,-526005001,
403,403531,177865049,254165839,879238557,-933839262,
404,404531,612407080,370507837,1297819039,-1149926841,
405,405531,613098845,791603641,1492347977,-1140933985,
406,406531,850661067,759941056,1439174813,-913643395,
407,407531,674870087,922219019,1140062763,-491424535,
408,408531,653687329,689984232,644112215,55762020,
409,409531,337624109,566840076,12278765,664158228,
410,410531,118283823,208711321,-657092386,1233895258,
411,411531,-204375867,-93760836,-1280623433,1700910435,
412,412531,-477855961,-409741006,-1759858986,1983261973,
413,413531,-643900847,-715470839,-2038708504,2058146868,
414,414531,-825426247,-815815278,-2067234836,1898860490,
415,415531,-729027063,-975617093,-1851828714,1543409809,
416,416531,-749262459,-775660494,-1413453210,1027762127,
417,417531,-401244563,-745896080,-821969859,436776361,
418,418531,-301556333,-299550621,-153833147,-156490756,
419,419531,171001763,-160580935,491986448,-660994050,
420,420531,267592926,361983893,1027890075,-1010526564,
421,421531,682657699,457713353,1377260709,-1153969344,
422,422531,646979229,853329017,1490197987,-1069953827,
423,423531,856768074,773561554,1353431097,-774175749,
424,424531,632995271,905835028,981528571,-301171335,
425,425531,594319196,620355813,432916658,273322139,
426,426531,240066706,484064917,-223264460,880480506,
427,427531,28868038,90407772,-885855486,1421509527,
428,428531,-308292522,-194363639,-1471962603,1835697039,
429,429531,-545092272,-516618213,-1888611342,2048865695,
430,430531,-701881097,-775271596,-2088434742,2047839257,
431,431531,-830043260,-857485107,-2032418440,1816300859,
432,432531,-713465806,-958045365,-1739177765,1402902688,
433,433531,-685055334,-733315226,-1240038458,850904599,
434,434531,-323992561,-657069691,-614087777,251332445,
435,435531,-200507765,-199202273,58264748,-322871450,
436,436531,265727941,-46183871,676487588,-781891949,
437,437531,352505776,464226066,1157936008,-1067566206,
438,438531,742497512,536843368,1432529889,-1136079347,
439,439531,669993830,901586006,1462052607,-978303609,
440,440531,849531869,774069613,1243841308,-618624548,
441,441531,580643540,875134205,804973658,-102216584,
442,442531,525748831,540276566,212311648,490537804,
443,443531,138349146,393467445,-457926895,1086940519,
444,444531,-61064585,-29914769,-1103304714,1590768604,
445,445531,-407609973,-292315674,-1642783202,1945687562,
446,446531,-603935913,-615732103,-1990288273,2086348682,
447,447531,-748785725,-823335779,-2107991921,2009486943,
448,448531,-821925801,-885832084,-1968346396,1709361559,
449,449531,-686581401,-926106906,-1601939669,1244607885,
450,450531,-610587589,-679508528,-1049919518,665011690,
451,451531,-241409586,-558720410,-399407340,66383938,
452,452531,-96857479,-95629806,266526717,-479673401,
453,453531,356598718,68075922,847349955,-885942353,
454,454531,431160294,559168998,1266722238,-1103208266,
455,455531,790879012,606530820,1462198403,-1095634963,
456,456531,681845434,935716265,1407812063,-866530108,
457,457531,829207203,761553417,1111556475,-448610025,
458,458531,518586981,830613649,612596614,103098779,
459,459531,448998792,450872091,-14779555,704807926,
460,460531,33985101,296470613,-688531981,1281132519,
461,461531,-149994587,-150347644,-1306534783,1739837029,
462,462531,-500717674,-385921519,-1790933616,2029932943,
463,463531,-653423101,-705585970,-2063832813,2095880662,
464,464531,-784016164,-858949448,-2097594705,1944472809,
465,465531,-801185951,-900485212,-1876528624,1580523652,
466,466531,-648800053,-880219398,-1442773470,1071806866,
467,467531,-526922348,-615050015,-846599698,473764811,
468,468531,-154810262,-452344432,-181832185,-114436865,
469,469531,7687107,9409978,467167841,-623703667,
470,470531,442094503,180337713,1001413512,-970744100,
471,471531,502405191,645397557,1352075148,-1116140342,
472,472531,827132748,665771280,1465311857,-1032579337,
473,473531,682307710,955162492,1327839053,-735732011,
474,474531,796036973,736091505,958198048,-266118779,
475,475531,447736005,772963631,406999596,312259751,
476,476531,365400784,353607019,-245214651,913453314,
477,477531,-71336104,194733687,-911907482,1460637220,
478,478531,-236533661,-269095516,-1492802162,1866997848,
479,479531,-586285042,-473749250,-1914505840,2087770758,
480,480531,-692712550,-784801612,-2108498512,2077986291,
481,481531,-807011746,-881439938,-2057828519,1854469820,
482,482531,-768055372,-901212597,-1758843900,1432435911,
483,483531,-600777666,-821076619,-1264620735,887828592,
484,484531,-435423704,-541083587,-633696747,280797121,
485,485531,-65618575,-339606391,34816787,-287640588,
486,486531,111583995,114313159,656633217,-752072090,
487,487531,520899698,288908687,1135838369,-1034380230,
488,488531,565093828,721506323,1412238690,-1105597737,
489,489531,850606818,713552503,1441433310,-947321564,
490,490531,671338271,959595041,1223034000,-587363774,
491,491531,750650692,698168849,785815571,-73442760,
492,492531,369252833,703187265,191030950,522498807,
493,493531,276227682,249905200,-475748497,1113713318,
494,494531,-176073473,89815520,-1124883892,1623190723,
495,495531,-319243540,-384295825,-1659511242,1970819229,
496,496531,-662938969,-554294364,-2011908771,2118824462,
497,497531,-721108565,-852148733,-2123950891,2033453986,
498,498531,-817509645,-890452105,-1989679669,1741406291,
499,499531,-723076978,-888126679,-1617483647,1267965953,
500,500531,-543295098,-749536878,-1070617536,696109381,
501,501531,-337424096,-458747773,-414904675,89657478,
502,502531,24736416,-222229480,246777214,-450013177,
503,503531,213188021,217353366,831596466,-862275319,
504,504531,591691511,392047159,1248183056,-1075351121,
505,505531,618245367,786268510,1445960382,-1071239482,
506,506531,861008149,749217679,1390626143,-840720120,
507,507531,649147445,948987317,1094718249,-423322172,
508,508531,693696827,648293947,596803484,126827042,
509,509531,284297821,622341364,-32196907,730978995,
510,510531,182945637,141412930,-703031310,1302913292,
511,511531,-278538785,-16521374,-1324403773,1766674632,
512,512531,-396761630,-494153221,-1804348431,2050080700,
513,513531,-729585697,-626313598,-2081906163,2123032151,
514,514531,-738175678,-906673757,-2110219848,1963444082,
515,515531,-815334902,-885733015,-1894495147,1607514666,
516,516531,-666850881,-861421578,-1454967831,1090120046,
517,517531,-477324451,-666694247,-864115955,500072564,
518,518531,-234468242,-369434476,-193951604,-96229112,
519,519531,114757858,-102054573,450441705,-598570570,
520,520531,310947613,316887442,989039985,-952155176,
521,521531,653392292,488226997,1336407322,-1092611833,
522,522531,661049789,838647396,1452431291,-1013234799,
523,523531,858091532,772148793,1313424492,-714072856,
524,524531,616057781,923470610,944670581,-245792295,
525,525531,626111019,587281855,393900952,331934850,
526,526531,194257099,531778084,-259417607,934783275,
527,527531,87054811,29828698,-923744967,1478416786,
528,528531,-377220140,-122648900,-1507570240,1889186370,
529,529531,-467872026,-597015489,-1925255228,2103923616,
530,530531,-785145152,-688553353,-2123622346,2100703507,
531,531531,-743549513,-947512455,-2067770765,1869399599,
532,532531,-800601560,-867340532,-1774023611,1455237319,
533,533531,-600265421,-821620112,-1274088528,902053956,
534,534531,-403971799,-573821797,-648588589,303172170,
535,535531,-128089447,-274556567,25458481,-273582323,
536,536531,203031549,19121348,642366244,-730646416,
537,537531,403332668,411278334,1126249863,-1019979819,
538,538531,704942285,575908098,1398902819,-1085559150,
539,539531,692856350,877790592,1431344147,-932160492,
540,540531,841913251,782033588,1210838743,-569046599,
541,541531,572643458,883481599,775042555,-57265974,
542,542531,548955093,516092290,180085543,538939972,
543,543531,100473117,432864268,-487254301,1131002920,
544,544531,-9936103,-83126765,-1134597254,1637785757,
545,545531,-470517748,-226796806,-1671687350,1989106210,
546,546531,-531387526,-691256060,-2020536164,2131779920,
547,547531,-828815317,-740029802,-2136607164,2052466303,
548,548531,-737150416,-974116149,-1997462967,1753101915,
549,549531,-773597429,-835523717,-1630342153,1287285091,
550,550531,-524262731,-769337811,-1077884221,707023412,
551,551531,-324408378,-472297877,-427634675,108775391,
552,552531,-19967274,-175711099,239671891,-439340038,
553,553531,288076391,139391013,819348355,-843871682,
554,554531,488949514,499015946,1240891231,-1064394711,
555,555531,745522698,653777536,1434505416,-1054034113,
556,556531,713215613,903075115,1382848555,-829041738,
557,557531,812687005,778718930,1084303340,-407677486,
558,558531,519550168,829580581,588340475,139546118,
559,559531,463444851,435860458,-41430385,744852414,
560,560531,4475420,327219255,-712278645,1316799390,
561,561531,-106468836,-195667704,-1332440255,1778742933,
562,562531,-557012723,-327333648,-1814339389,2065091390,
563,563531,-586320202,-775459944,-2088846935,2133462558,
564,564531,-859943095,-779897607,-2120802388,1979342265,
565,565531,-718974948,-986039098,-1900563269,1616626701,
566,566531,-734774326,-790717132,-1465887763,1106520346,
567,567531,-440052997,-705511011,-869610635,508328219,
568,568531,-239968015,-363703652,-204881684,-79806020,
569,569531,88272559,-74474008,445167848,-590647299,
570,570531,368537486,256941022,978443896,-936240340,
571,571531,566500764,578679884,1330999090,-1084491332,
572,572531,774418396,720612726,1442502818,-998319487,
573,573531,721802647,914028412,1307572713,-705277315,
574,574531,770877316,762315432,935678361,-232282911,
575,575531,457671340,762638503,387365711,341747388,
576,576531,370914593,347859537,-267301560,946623394,
577,577531,-92246107,216479167,-931083150,1489442500,
578,578531,-201042994,-306055388,-1514285822,1899278921,
579,579531,-635350307,-422650192,-1933400666,2116159962,
580,580531,-631723396,-848265304,-2129244793,2109144623,
581,581531,-878064103,-807491117,-2076601176,1882662298,
582,582531,-689329586,-983189174,-1778733992,1462316831,
583,583531,-684803527,-733601694,-1283371556,916001747,
584,584531,-348887182,-631161967,-652671917,309305125,
585,585531,-151996669,-249664449,16027025,-259417074,
586,586531,194970814,27505893,638571064,-724947431,
587,587531,443052111,369919485,1117019800,-1006112813,
588,588531,634786550,648943888,1395042020,-1079755284,
589,589531,791177277,775451835,1422653710,-919106125,
590,590531,718543270,910463597,1206579188,-562652135,
591,591531,717093909,733095096,767183447,-45461768,
592,592531,387982689,683663303,175172984,546321995,
593,593531,272792819,253476481,-494074976,1141252581,
594,594531,-188140688,102402932,-1140323505,1646387180,
595,595531,-292124646,-412507020,-1677382247,1997656328,
596,596531,-704317261,-511245017,-2027112333,2141657241,
597,597531,-666906183,-908589535,-2141202879,2059374321,
598,598531,-882922675,-822349689,-2004799247,1764124938,
599,599531,-648624112,-965620954,-1633998031,1292774819,
600,600531,-624480944,-665005466,-1085781906,718884032,
601,601531,-252166730,-547515166,-430603613,113234854,
602,602531,-61977940,-131980513,231505793,-427070050,
603,603531,298485407,128560347,816741045,-839952647,
604,604531,510446960,476649001,1232793049,-1052231538,
605,605531,692790521,708665448,1431901913,-1050125843,
606,606531,795464303,817447876,1375167381,-817503478,
607,607531,703507101,892372705,1081367485,-403265249,
608,608531,652144910,691549980,581386658,149994944,
609,609531,311641835,593903208,-44983103,750188143,
610,610531,170631019,154245476,-718274933,1325802759,
611,611531,-281711226,-13249345,-1336797232,1785287611,
612,612531,-378309687,-513370806,-1819246292,2072466537,
613,613531,-762821265,-591705344,-2094079808,2141324852,
614,614531,-691282138,-955476504,-2124620411,1985075313,
615,615531,-874441895,-824192042,-1906621201,1625723848,
616,616531,-597482497,-933655170,-1468733364,1110795152,
617,617531,-554837699,-586017406,-876318322,518408038,
618,618531,-151371180,-455927001,-206983593,-76647183,
619,619531,28668209,-12414779,438073554,-579993337,
620,620531,397237206,227051894,976775862,-933736820,
621,621531,569582831,575469921,1323851159,-1073752590,
622,622531,739625249,756830162,1440921120,-995941454,
623,623531,787167604,845988316,1300719621,-694981227,
624,624531,677012477,860038334,933832730,-229512268,
625,625531,577025683,638383800,381130797,351110628,
626,626531,229848107,494702522,-269710326,950242421,
627,627531,66000298,51742014,-936437185,1497488482,
628,628531,-371447015,-128651435,-1517476429,1904072581,
629,629531,-458232220,-607032925,-1937717330,2122642233,
630,630531,-809928714,-662749081,-2133325070,2115271122,
631,631531,-704476008,-988214239,-2079836798,1887523833,
632,632531,-852804650,-813004588,-1783682999,1469754890,
633,633531,-536668758,-887804265,-1285611297,919366561,
634,634531,-476973445,-497816119,-658355169,317839052,
635,635531,-48053350,-357883987,14584433,-257251327,
636,636531,118447167,107168780,632400818,-715676771,
637,637531,489695810,321360064,1116088026,-1004710922,
638,638531,619485801,664881337,1388697983,-1070225155,
639,639531,774641569,792669367,1421888784,-917959582,
640,640531,766367469,860670522,1200409725,-553385933,
641,641531,639482514,813882915,766236444,-44037295,
642,642531,492876409,574472433,169516440,554821328,
643,643531,143947821,387611652,-495524301,1143429473,
644,644531,-39463801,-52371864,-1145187745,1653692519,
645,645531,-455909853,-242004422,-1679578148,2000953142,
646,646531,-530669056,-692027574,-2030990153,2147483647,
647,647531,-844910716,-723278685,-2144283523,2064005236,
648,648531,-706247847,-1006262683,-2007615286,1768354916,
649,649531,-818348087,-788933445,-1637985254,1298761113,
650,650531,-467130327,-828821414,-1087583754,721589997,
651,651531,-392159882,-401779113,-435388180,120424294,
652,652531,56178120,-254984092,230552743,-425636283,
653,653531,205914058,224939256,811372229,-831888245,
654,654531,574481722,409986889,1232421504,-1051676098,
655,655531,659311006,743510599,1426248224,-1041633423,
656,656531,797300777,815531367,1375051371,-817326854,
657,657531,733346862,861317322,1075772472,-394859290,
658,658531,591575152,754605632,581170987,150317998,
659,659531,400996441,500884930,-50176448,757987861,
660,660531,55327629,274273806,-718920714,1326772089,
661,661531,-144158853,-156450325,-1341285223,1792031117,
662,662531,-533746632,-351552390,-1820589700,2074486780,
663,663531,-594463768,-766961389,-2097643528,2146677233,
664,664531,-867200987,-772344302,-2126836021,1988401396,
665,665531,-696584530,-1009351439,-1909147551,1629518658,
666,666531,-771634209,-752360207,-1471872349,1115512318,
667,667531,-389956155,-757662169,-877818388,520663353,
668,668531,-301741047,-299378346,-210977563,-70648568,
669,669531,159732672,-148859148,437464222,-579080863,
670,670531,289634461,339060633,972114304,-926734097,
671,671531,650275942,491464687,1323897518,-1073819370,
672,672531,688392681,810174244,1435869876,-988353181,
673,673531,807307064,825020908,1301104268,-695560638,
674,674531,688593186,847984607,928725384,-221841402,
675,675531,534083005,683080357,381506485,350546315,
676,676531,302759624,418798799,-274523867,957475218,
677,677531,-34567026,156440088,-936412045,1497451812,
678,678531,-246438310,-258782297,-1521680219,1910385798,
679,679531,-603703196,-455600788,-1938333772,2123566733,
680,680531,-648649517,-830646672,-2136669760,2120295992,
681,681531,-876441257,-809195679,-2081295208,1889715990,
682,682531,-675646911,-997427613,-1786023353,1473271895,
683,683531,-713380537,-703835234,-1288002600,922957370,
684,684531,-306342637,-675451727,-659667698,319808558,
685,685531,-207184547,-192231201,11297076,-252312414,
686,686531,260991745,-41223237,632019979,-715102154,
687,687531,368265819,447779973,1112058363,-998657596,
688,688531,715931936,564476696,1389035822,-1070734169,
689,689531,706239425,863879170,1417371006,-911174528,
690,690531,804536702,820925896,1201173196,-554531971,
691,691531,632738763,820906170,761554393,-37001687,
692,692531,467975296,600400577,170361598,553551718,
693,693531,199692833,329582781,-500024848,1150188160,
694,694531,-124280551,35916671,-1144608143,1652821173,
695,695531,-344744483,-357729465,-1683563691,2006941202,
696,696531,-664650804,-552551117,-2030983658,2147474901,
697,697531,-692394354,-882047797,-2147483648,2068813111,
698,698531,-872441900,-833245561,-2008413246,1769552006,
699,699531,-643778803,-970670348,-1640223259,1302121680,
700,700531,-644527415,-644151373,-1089307497,724180588,
701,701531,-217602897,-583494463,-436601272,122248400,
702,702531,-109984923,-81998893,227901033,-421653243,
703,703531,1605444529,-1231959625,595363327,-507422132,
704,704531,2026765354,-1101744981,525433513,10270772,
705,705531,1999366319,-651427708,244067444,734070126,
706,706531,856409875,754008075,-35965156,1302103512,
707,707531,-410372615,2051911997,-131798566,1418972617,
708,708531,-184483600,1562434871,-280740368,1444937866,
709,709531,-14748955,933631645,-696242858,1728407519,
710,710531,-833773686,1199802278,-1131998454,1947240676,
711,711531,-1938989907,1711914992,-1285386668,1708063372,
712,712531,-2098878134,1277668867,-1184006144,1118289983,
713,713531,-1846998177,536875405,-980698753,468949951,
714,714531,-368644616,-1291375649,-891946900,133533036,
715,715531,-307497486,-1414358963,-841652762,26103268,
716,716531,-540986873,-992424174,-523549542,-308913020,
717,717531,-160844624,-996155420,-19657456,-768348165,
718,718531,1284204820,-1950333064,323550490,-873532074,
719,719531,1798240372,-1854455292,408142114,-535016696,
720,720531,2127817203,-1574401072,341612755,20328629,
721,721531,1129185132,-7027949,299569819,464780162,
722,722531,610166297,891601411,353685899,637140993,
723,723531,1018593484,605063191,208013685,946319895,
724,724531,977830672,546906211,-238725405,1531733950,
725,725531,-232263111,1480835940,-690328679,1960497488,
726,726531,-1287879734,2074582361,-926573267,1936882769,
727,727531,-1785723319,1979323115,-1002993866,1597450039,
728,728531,-1664690899,1217559505,-1039173937,1185616042,
729,729531,-810046617,-240858366,-1180153631,984737056,
730,730531,-1319755141,-132031801,-1235165764,766200563,
731,731531,-1574505746,-82518683,-953001791,194956278,
732,732531,-955144936,-706496736,-501233125,-456562229,
733,733531,457752188,-1922974880,-171858095,-753546228,
734,734531,1025792915,-2062130604,10888998,-687386561,
735,735531,1585179447,-2058012651,133773029,-436259967,
736,736531,881456612,-687058546,335676656,-269971286,
737,737531,1185850276,-403301646,570231795,-184809142,
738,738531,1821779358,-586688426,520499119,233861425,
739,739531,1784636509,-258676032,180658537,946448284,
740,740531,545913731,1090186090,-163525359,1495318109,
741,741531,-250101241,1739889655,-390380837,1693257146,
742,742531,-956059454,2082760841,-569562037,1664949190,
743,743531,-870547247,1443656889,-800127755,1600947195,
744,744531,-751458887,688761500,-1147678093,1657426435,
745,745531,-1734097251,1088541583,-1337714113,1487456657,
746,746531,-2147483648,991021715,-1192084226,887396452,
747,747531,-1544429338,4871233,-914018167,216070127,
748,748531,-507387912,-1213277898,-704502849,-188993366,
749,749531,2980188,-1643918805,-525963060,-371545421,
750,750531,530490518,-1867300404,-302708632,-457316161,
751,751531,161269688,-977841915,72349336,-642219166,
752,752531,1141356336,-1384621216,449106808,-753918905,
753,753531,1979228543,-1621035545,532928074,-413637875,
754,754531,2083529312,-1160842609,389208711,214892864,
755,755531,1143145298,239883765,247682842,728640051,
756,756531,763132935,851092871,131881430,1049979413,
757,757531,100979405,1519599809,-38162793,1278324953,
758,758531,291097787,1067373259,-358901236,1562350551,
759,759531,-225111279,1152634102,-819414199,1913424068,
760,760531,-1457712629,1849307048,-1109449317,1913361240,
761,761531,-2059343264,1837172224,-1134319603,1481144029,
762,762531,-1650019035,810413004,-1091464318,979292409,
763,763531,-1209259850,-126974562,-1077185755,613888800,
764,764531,-890937460,-747658433,-1007327495,306839369,
765,765531,-684681975,-1021747233,-800122548,-36284761,
766,766531,-781537191,-742024121,-375609477,-531130126,
767,767531,548599806,-1734674488,45502740,-866218577,
768,768531,1473620085,-2147483648,232468977,-736717321,
769,769531,1729073615,-1782456003,297276049,-368489573,
770,770531,1282477967,-694426352,390207225,-52668660,
771,771531,1363098406,-250553480,453403204,233710811,
772,772531,1015689639,469481671,395167430,574835946,
773,773531,1424152758,182891214,108705186,1095489879,
774,774531,538291043,1004459490,-331042251,1670402163,
775,775531,-652246039,1918021852,-632905982,1874241200,
776,776531,-1341173002,2130055191,-787912791,1728598525,
777,777531,-1178616947,1347326583,-961700627,1535427496,
778,778531,-1362654868,903164175,-1155633111,1360555979,
779,779531,-1332821423,303359438,-1257119510,1100342205,
780,780531,-1646280538,207849560,-1164333011,659795036,
781,781531,-1590281685,-66110623,-823739681,795397,
782,782531,-309329996,-1378771304,-482420954,-484811647,
783,783531,521590867,-1989400861,-276034557,-597063883,
784,784531,815319392,-1843041570,-66751972,-570768683,
785,785531,876437959,-1320235799,216035554,-559828590,
786,786531,1327838351,-1151753583,462409029,-460331302,
787,787531,1476859741,-706211656,567968819,-181406017,
788,788531,2127836011,-905284010,414962900,392385481,
789,789531,1204493494,345245744,123723955,1031966242,
790,790531,332643950,1312175531,-82554033,1373690080,
791,791531,-248246133,1737960142,-273739331,1518052315,
792,792531,-264470733,1362831517,-574199548,1671917597,
793,793531,-904681542,1479207141,-918459240,1778693394,
794,794531,-1177106670,1131848320,-1185137464,1713691371,
795,795531,-2031506164,1398128690,-1249658542,1355185683,
796,796531,-1939988852,775017493,-1089458668,733242853,
797,797531,-1053546150,-506129138,-933367403,245140237,
798,798531,-507792606,-1212835447,-808493035,-32787689,
799,799531,-353024689,-1273323114,-567127370,-309719351,
800,800531,60613111,-1378184778,-200525912,-610809355,
801,801531,683552145,-1521547734,164322143,-780364235,
802,802531,1348129119,-1599834563,413915788,-701053561,
803,803531,2147483647,-1796183388,433246603,-263911567,
804,804531,1470991417,-523207163,367509269,247483470,
805,805531,1094756290,290236150,340573705,589110250,
806,806531,832036236,779375228,220182794,917344763,
807,807531,777860873,814979326,-79878695,1340987885,
808,808531,-14782685,1385807564,-464336587,1720723868,
809,809531,-510158765,1449349284,-821432501,1916452413,
810,810531,-1727833531,2130490921,-1015395443,1772082692,
811,811531,-1666276830,1427994292,-1062589732,1373400753,
812,812531,-1359267973,507757207,-1138844771,1050464919,
813,813531,-1230893164,-104448976,-1170595639,754199443,
814,814531,-1370877035,-248050463,-1012914445,315228213,
815,815531,-860313646,-838930869,-692226884,-198357720,
816,816531,-307509487,-1235487472,-320547125,-613835261,
817,817531,717044783,-1910003520,-11205197,-781033051,
818,818531,1471830771,-2145614482,147562358,-609181638,
819,819531,1189759872,-1221042493,306935941,-383006051,
820,820531,1332575511,-746601547,484398776,-194153143,
821,821531,1522350800,-416323673,510320989,148220798,
822,822531,1572154430,-109776455,327620969,676298639,
823,823531,957522780,668657807,26372507,1219156528,
824,824531,383824935,1165229641,-304996657,1631277329,
825,825531,-872671039,2147483647,-542292007,1738132775,
826,826531,-834393377,1602506367,-747856075,1668430618,
827,827531,-1082549855,1247334074,-1026390793,1632599150,
828,828531,-1391919994,933626969,-1231156033,1473998493,
829,829531,-1883034425,876123656,-1231541464,1061918610,
830,830531,-1532354842,89236949,-1063559523,508422221,
831,831531,-1248238612,-422166096,-802981447,-30381565,
832,832531,-141871734,-1553080126,-550043798,-383233727,
833,833531,339829450,-1800188389,-340425841,-500343966,
834,834531,429444144,-1441357691,-32215636,-622649222,
835,835531,958215107,-1405376970,302797267,-690153250,
836,836531,1594317184,-1429150247,487947883,-498688830,
837,837531,1825011154,-1068620320,486884422,-59606621,
838,838531,1628735639,-385715526,360901690,473585659,
839,839531,1132940331,419705217,168996859,963958372,
840,840531,200872754,1449346946,-2610278,1253610455,
841,841531,278983113,1189126755,-263109088,1502088361,
842,842531,-315566591,1416040657,-646064646,1779864243,
843,843531,-956077560,1532696832,-971787382,1858794755,
844,844531,-1717401391,1694285036,-1135499634,1639130202,
845,845531,-1691118501,1043778541,-1165990910,1229509936,
846,846531,-1758684308,586297555,-1096986040,744551207,
847,847531,-875461612,-691512574,-1002988043,349717653,
848,848531,-846123920,-860633626,-849609796,28972862,
849,849531,-547341686,-1071050660,-515630666,-387075469,
850,850531,127715571,-1448044140,-127596330,-720356383,
851,851531,1051438359,-1904508679,161178119,-775637691,
852,852531,1440362830,-1695834492,331201486,-576807375,
853,853531,1729204010,-1360758952,407867430,-225794079,
854,854531,1421861235,-472082789,423280785,163707236,
855,855531,1090873362,294281262,404892942,492499077,
856,856531,1285479292,307349280,206003500,938646884,
857,857531,650152986,947938760,-150254940,1446699144,
858,858531,-118536015,1493803501,-493879937,1765097043,
859,859531,-950238781,1907460010,-756556059,1819000516,
860,860531,-1265859165,1649569702,-955033252,1681416691,
861,861531,-1621565894,1381476130,-1090565297,1415424492,
862,862531,-1189564490,331093808,-1203603076,1147735525,
863,863531,-1668154290,350731817,-1188338317,780849699,
864,864531,-1383185933,-235247561,-952678397,224747918,
865,865531,-822226032,-878574160,-637125532,-281125011,
866,866531,124899286,-1685619977,-347463231,-573403073,
867,867531,559380391,-1745865377,-85353134,-669654432,
868,868531,1206380077,-1869287928,147447580,-609012415,
869,869531,1115131976,-1143366883,365659214,-471215801,
870,870531,1477606598,-897576913,530284483,-263075715,
871,871531,1829037952,-735575336,477541261,197462426,
872,872531,1437839994,30055503,265385767,769780754,
873,873531,773823689,859876141,19853447,1228945117,
874,874531,121715659,1438074522,-234313111,1525103147,
875,875531,-408420379,1664198939,-507372284,1685683844,
876,876531,-866168356,1635605311,-788150101,1728957492,
877,877531,-962737306,1122605065,-1081465298,1715323798,
878,878531,-1846667207,1407012052,-1227666667,1468755030,
879,879531,-1763270722,751436656,-1170135519,969681622,
880,880531,-1506400815,62228640,-1028051716,455088374,
881,881531,-816086461,-872027695,-847128461,35932144,
882,882531,-490253882,-1190409907,-608189415,-295894902,
883,883531,244643733,-1701116582,-321178590,-529256565,
884,884531,311819146,-1318910637,23634321,-706540766,
885,885531,1241435909,-1700205670,329372035,-730070622,
886,886531,1719765620,-1559735743,443521482,-431954209,
887,887531,1732583184,-972399239,437242616,14960141,
888,888531,1357686674,-103560092,374700536,452855300,
889,889531,1092231348,462071783,236578481,862443091,
890,890531,564057477,1071275904,8423452,1237040849,
891,891531,241129409,1228549624,-308484469,1570247665,
892,892531,-292103241,1391610571,-688442678,1843517195,
893,893531,-1342210966,1934653224,-950945136,1827485619,
894,894531,-1537948762,1507465424,-1079132727,1554463110,
895,895531,-1641250165,991877247,-1149929983,1205387170,
896,896531,-1405158919,218284807,-1150896359,825529969,
897,897531,-1317070890,-231795204,-1041055234,406895788,
898,898531,-805248680,-903203043,-817919676,-18629926,
899,899531,-689978331,-922562401,-466689559,-460588163,
900,900531,503315182,-1839038761,-119508296,-732504417,
901,901531,1006462633,-1857679428,111974374,-701728770,
902,902531,1404689414,-1658704244,296501885,-524686040,
903,903531,1393776540,-1011583933,437760517,-270697547,
904,904531,1597903530,-655349348,480414241,77887084,
905,905531,1290525666,86452633,396387829,505276794,
906,906531,1296243665,296149551,161189597,1005962346,
907,907531,546172380,1056180325,-178439891,1489034246,
908,908531,-367330984,1752792339,-460715786,1715278633,
909,909531,-782869771,1733221033,-709675478,1748582442,
910,910531,-1155540588,1534738420,-956720154,1683953685,
911,911531,-1417406760,1168955262,-1146641451,1499656248,
912,912531,-1613975488,772903357,-1220945654,1173782063,
913,913531,-1559647063,237757409,-1150831971,724511359,
914,914531,-1505921766,-107471239,-913130177,165344962,
915,915531,-426505946,-1290515002,-645249386,-268921382,
916,916531,-40279792,-1513659594,-395382023,-501424989,
917,917531,561762270,-1748354530,-104569731,-640790446,
918,918531,858856566,-1507519342,188159146,-670165800,
919,919531,1454333595,-1496481149,407354624,-533845258,
920,920531,1504558727,-925619377,508164785,-229848274,
921,921531,1909205308,-819030428,437136572,258153497,
922,922531,1206324916,271059588,251618163,790460234,
923,923531,695723349,941172165,59806470,1168930621,
924,924531,226976405,1328497421,-199506444,1472820831,
925,925531,-219168213,1467193890,-523908882,1710525343,
926,926531,-853166569,1622076796,-839493478,1806080719,
927,927531,-1275308502,1447988176,-1080405476,1713728630,
928,928531,-1747201150,1303454508,-1189749360,1411799157,
929,929531,-1812845003,803049728,-1141274315,926331478,
930,930531,-1171049561,-286867720,-1048956110,486490338,
931,931531,-1028672407,-650716469,-889038647,98883730,
932,932531,-490502566,-1190163914,-612807749,-288959633,
933,933531,-45818537,-1398748531,-275449013,-597946414,
934,934531,724653014,-1748671464,47680192,-742658029,
935,935531,1136554259,-1591008480,299869754,-685755143,
936,936531,1851082101,-1696443081,409776106,-381266640,
937,937531,1409728349,-636308750,437013284,15304305,
938,938531,1440149763,-189410976,416063762,390723113,
939,939531,1119899805,433272601,258424728,829628782,
940,940531,820864888,803944274,-19191989,1278523277,
941,941531,64474932,1412451659,-349657935,1632093921,
942,942531,-437752351,1543223020,-673393507,1820909737,
943,943531,-1310497676,1901634208,-916352474,1775524254,
944,944531,-1474521619,1441443318,-1061387474,1527809280,
945,945531,-1432899732,774987392,-1179403654,1249660889,
946,946531,-1592391440,413199848,-1183693724,874793843,
947,947531,-1363838245,-183120001,-1033001171,394795674,
948,948531,-972592355,-729002642,-772912217,-86235345,
949,949531,-305512195,-1322790414,-459750348,-471008730,
950,950531,340071677,-1669087381,-150920611,-685320060,
951,951531,1140541264,-1997263576,85959415,-662653896,
952,952531,1055761738,-1295473290,307949516,-541881820,
953,953531,1587662280,-1213425187,475903742,-327991697,
954,954531,1567847474,-624052355,489786068,63810484,
955,955531,1572834897,-207429410,362012406,556912278,
956,956531,976995739,628488995,133590000,1047419038,
957,957531,571035525,1030287432,-154799075,1453522383,
958,958531,-425763440,1813621927,-431531916,1671442142,
959,959531,-597342137,1540089040,-702807045,1738266084,
960,960531,-1108111574,1485369604,-990232334,1734293305,
961,961531,-1527934755,1284015587,-1168861706,1533032305,
962,962531,-1734994715,898877454,-1202857298,1146610009,
963,963531,-1561936199,240136643,-1111612464,665600184,
964,964531,-1237098073,-387311740,-920462873,176361719,
965,965531,-567898157,-1143316910,-674546942,-224913903,
966,966531,37359179,-1594488619,-413321752,-474479308,
967,967531,263549829,-1437917443,-84147096,-671468192,
968,968531,1091810618,-1750030964,219643561,-717457478,
969,969531,1410797895,-1451150650,405715201,-531381268,
970,970531,1750376802,-1181513906,471546653,-174844602,
971,971531,1528850887,-423081501,424204664,277576760,
972,972531,1356994276,114200017,278568955,749977645,
973,973531,566224746,1075988053,82792715,1134404194,
974,974531,506131722,1037897140,-202669812,1477572523,
975,975531,-324428695,1576775082,-557122233,1760415412,
976,976531,-870624234,1640245934,-851103479,1823519484,
977,977531,-1468907206,1649522213,-1055370694,1676123016,
978,978531,-1581643490,1131104716,-1160143554,1367328586,
979,979531,-1709329550,695298176,-1158552114,952286382,
980,980531,-1229763264,-225743628,-1073791626,523795178,
981,981531,-1054606993,-623723074,-898951163,113772212,
982,982531,-671962594,-1001266915,-586727913,-328134931,
983,983531,152855999,-1605572255,-252639380,-632207526,
984,984531,717520956,-1741238050,37095664,-726757827,
985,985531,1282829850,-1743280223,265330394,-633874100,
986,986531,1503894963,-1335022407,410383198,-382180459,
987,987531,1610260291,-845073898,462986447,-23709550,
988,988531,1291055526,-34194689,432847007,365514404,
989,989531,1432702385,107644437,246696702,847245622,
990,990531,610173877,1023280396,-48455000,1322478610,
991,991531,119713165,1354939579,-351698345,1635158012,
992,992531,-670326062,1785332374,-644730169,1777854682,
993,993531,-1017174160,1596282095,-898520549,1748739722,
994,994531,-1536605934,1506082983,-1083761868,1561418481,
995,995531,-1385880009,726036187,-1198921137,1278977369,
996,996531,-1738350730,565142455,-1185875123,878070240,
997,997531,-1392982521,-152784158,-1004863629,352529382,
998,998531,-860854525,-845322594,-759379124,-106562376,
999,999531,-240763911,-1390186925,-476902577,-445243150,
1000,1000531,343526120,-1672681786,-179680670,-642120173,
1001,1001531,907763293,-1754945563,97196610,-679535201,
