1,1529,962758669,-1782185478,143085606,-945608346,
2,2529,1395497054,-1633231817,388543566,-805271133,
3,3529,1644890165,-1272099327,525407122,-486137228,
4,4529,1675911501,-749508227,534454158,-33028204,
5,5529,1484204416,-138854779,414414107,490418217,
6,6529,1096693265,474096570,182146074,1010685546,
7,7529,567803074,1003258580,-129728365,1454703719,
8,8529,-28185181,1374312142,-477407532,1760111792,
9,9529,-607566693,1535143645,-812060855,1884015996,
10,10529,-1088969085,1463165126,-1086687306,1809014476,
11,11529,-1404780864,1168485389,-1262716377,1545640847,
12,12529,-1510647047,692491575,-1315425309,1130885255,
13,13529,-1391699125,102035483,-1237411358,622998859,
14,14529,-1064643017,-519955000,-1039631279,93312777,
15,15529,-575412827,-1086123198,-749862712,-383780159,
16,16529,7280610,-1516952555,-408802782,-741273628,
17,17529,601599740,-1751934155,-64352371,-928958770,
18,18529,1124074158,-1758065725,235111505,-920475789,
19,19529,1501323847,-1534486045,447530008,-717015988,
20,20529,1680365451,-1112596276,543069636,-347154745,
21,21529,1636052669,-551649445,508312067,137161917,
22,22529,1374609475,69571047,348138962,667913327,
23,23529,932754717,663816640,85046156,1170556957,
24,24529,372545476,1147627277,-244015802,1574497912,
25,25529,-227338485,1453053328,-592831094,1823004124,
26,26529,-782645197,1537198379,-912409696,1881173346,
27,27529,-1215383581,1388244718,-1157867656,1740836134,
28,28529,-1464776692,1027112228,-1294731212,1421702229,
29,29529,-1495798028,504521128,-1303778248,968593205,
30,30529,-1304090943,-106132320,-1183738197,445146784,
31,31529,-916579792,-719083669,-951470164,-75120546,
32,32529,-387689601,-1248245678,-639595725,-519138718,
33,33529,208298654,-1619299240,-291916558,-824546792,
34,34529,787680166,-1780130744,42736765,-948450995,
35,35529,1269082558,-1708152225,317363215,-873449476,
36,36529,1584894337,-1413472488,493392287,-610075847,
37,37529,1690760519,-937478673,546101219,-195320254,
38,38529,1571812598,-347022582,468087268,312566142,
39,39529,1244756490,274967901,270307189,842252224,
40,40529,755526300,841136099,-19461378,1319345160,
41,41529,172832863,1271965456,-360521309,1676838628,
42,42529,-421486268,1506947056,-704971719,1864523771,
43,43529,-943960686,1513078626,-1004435595,1856040789,
44,44529,-1321210375,1289498946,-1216854098,1652580989,
45,45529,-1500251979,867609177,-1312393726,1282719746,
46,46529,-1455939196,306662347,-1277636157,798403084,
47,47529,-1194496002,-314558145,-1117463052,267651674,
48,48529,-752641244,-908803738,-854370246,-234991956,
49,49529,-192432003,-1392614376,-525308289,-638932911,
50,50529,407451958,-1698040427,-176492996,-887439123,
51,51529,962758669,-1782185478,143085606,-945608346,
52,52529,1395497054,-1633231817,388543566,-805271133,
53,53529,1644890165,-1272099327,525407122,-486137228,
54,54529,1675911501,-749508227,534454158,-33028204,
55,55529,1484204416,-138854779,414414107,490418217,
56,56529,1096693265,474096570,182146074,1010685546,
57,57529,567803074,1003258580,-129728365,1454703719,
58,58529,-28185181,1374312142,-477407532,1760111792,
59,59529,-607566693,1535143645,-812060855,1884015996,
60,60529,-1088969085,1463165126,-1086687306,1809014476,
61,61529,-1404780864,1168485389,-1262716377,1545640847,
62,62529,-1510647047,692491575,-1315425309,1130885255,
63,63529,-1391699125,102035483,-1237411358,622998859,
64,64529,-1064643017,-519955000,-1039631279,93312777,
65,65529,-575412827,-1086123198,-749862712,-383780159,
66,66529,7280610,-1516952555,-408802782,-741273628,
67,67529,601599740,-1751934155,-64352371,-928958770,
68,68529,1124074158,-1758065725,235111505,-920475789,
69,69529,1501323847,-1534486045,447530008,-717015988,
70,70529,1680365451,-1112596276,543069636,-347154745,
71,71529,1636052669,-551649445,508312067,137161917,
72,72529,1374609475,69571047,348138962,667913327,
73,73529,932754717,663816640,85046156,1170556957,
74,74529,372545476,1147627277,-244015802,1574497912,
75,75529,-227338485,1453053328,-592831094,1823004124,
76,76529,-782645197,1537198379,-912409696,1881173346,
77,77529,-1215383581,1388244718,-1157867656,1740836134,
78,78529,-1464776692,1027112228,-1294731212,1421702229,
79,79529,-1495798028,504521128,-1303778248,968593205,
80,80529,-1304090943,-106132320,-1183738197,445146784,
81,81529,-916579792,-719083669,-951470164,-75120546,
82,82529,-387689601,-1248245678,-639595725,-519138718,
83,83529,208298654,-1619299240,-291916558,-824546792,
84,84529,787680166,-1780130744,42736765,-948450995,
85,85529,1269082558,-1708152225,317363215,-873449476,
86,86529,1584894337,-1413472488,493392287,-610075847,
87,87529,1690760519,-937478673,546101219,-195320254,
88,88529,1571812598,-347022582,468087268,312566142,
89,89529,1244756490,274967901,270307189,842252224,
90,90529,755526300,841136099,-19461378,1319345160,
91,91529,172832863,1271965456,-360521309,1676838628,
92,92529,-421486268,1506947056,-704971719,1864523771,
93,93529,-943960686,1513078626,-1004435595,1856040789,
94,94529,-1321210375,1289498946,-1216854098,1652580989,
95,95529,-1500251979,867609177,-1312393726,1282719746,
96,96529,-1455939196,306662347,-1277636157,798403084,
97,97529,-1194496002,-314558145,-1117463052,267651674,
98,98529,-752641244,-908803738,-854370246,-234991956,
99,99529,-192432003,-1392614376,-525308289,-638932911,
100,100529,407451958,-1698040427,-176492996,-887439123,
101,101529,962758669,-1782185478,143085606,-945608346,
102,102529,1395497054,-1633231817,388543566,-805271133,
103,103529,1644890165,-1272099327,525407122,-486137228,
104,104529,1675911501,-749508227,534454158,-33028204,
105,105529,1484204416,-138854779,414414107,490418217,
106,106529,1096693265,474096570,182146074,1010685546,
107,107529,567803074,1003258580,-129728365,1454703719,
108,108529,-28185181,1374312142,-477407532,1760111792,
109,109529,-607566693,1535143645,-812060855,1884015996,
110,110529,-1088969085,1463165126,-1086687306,1809014476,
111,111529,-1404780864,1168485389,-1262716377,1545640847,
112,112529,-1510647047,692491575,-1315425309,1130885255,
113,113529,-1391699125,102035483,-1237411358,622998859,
114,114529,-1064643017,-519955000,-1039631279,93312777,
115,115529,-575412827,-1086123198,-749862712,-383780159,
116,116529,7280610,-1516952555,-408802782,-741273628,
117,117529,601599740,-1751934155,-64352371,-928958770,
118,118529,1124074158,-1758065725,235111505,-920475789,
119,119529,1501323847,-1534486045,447530008,-717015988,
120,120529,1680365451,-1112596276,543069636,-347154745,
121,121529,1636052669,-551649445,508312067,137161917,
122,122529,1374609475,69571047,348138962,667913327,
123,123529,932754717,663816640,85046156,1170556957,
124,124529,372545476,1147627277,-244015802,1574497912,
125,125529,-227338485,1453053328,-592831094,1823004124,
126,126529,-782645197,1537198379,-912409696,1881173346,
127,127529,-1215383581,1388244718,-1157867656,1740836134,
128,128529,-1464776692,1027112228,-1294731212,1421702229,
129,129529,-1495798028,504521128,-1303778248,968593205,
130,130529,-1304090943,-106132320,-1183738197,445146784,
131,131529,-916579792,-719083669,-951470164,-75120546,
132,132529,-387689601,-1248245678,-639595725,-519138718,
133,133529,208298654,-1619299240,-291916558,-824546792,
134,134529,787680166,-1780130744,42736765,-948450995,
135,135529,1269082558,-1708152225,317363215,-873449476,
136,136529,1584894337,-1413472488,493392287,-610075847,
137,137529,1690760519,-937478673,546101219,-195320254,
138,138529,1571812598,-347022582,468087268,312566142,
139,139529,1244756490,274967901,270307189,842252224,
140,140529,755526300,841136099,-19461378,1319345160,
141,141529,172832863,1271965456,-360521309,1676838628,
142,142529,-421486268,1506947056,-704971719,1864523771,
143,143529,-943960686,1513078626,-1004435595,1856040789,
144,144529,-1321210375,1289498946,-1216854098,1652580989,
145,145529,-1500251979,867609177,-1312393726,1282719746,
146,146529,-1455939196,306662347,-1277636157,798403084,
147,147529,-1194496002,-314558145,-1117463052,267651674,
148,148529,-752641244,-908803738,-854370246,-234991956,
149,149529,-192432003,-1392614376,-525308289,-638932911,
150,150529,407451958,-1698040427,-176492996,-887439123,
151,151529,962758669,-1782185478,143085606,-945608346,
152,152529,1395497054,-1633231817,388543566,-805271133,
153,153529,1644890165,-1272099327,525407122,-486137228,
154,154529,1675911501,-749508227,534454158,-33028204,
155,155529,1484204416,-138854779,414414107,490418217,
156,156529,1096693265,474096570,182146074,1010685546,
157,157529,567803074,1003258580,-129728365,1454703719,
158,158529,-28185181,1374312142,-477407532,1760111792,
159,159529,-607566693,1535143645,-812060855,1884015996,
160,160529,-1088969085,1463165126,-1086687306,1809014476,
161,161529,-1404780864,1168485389,-1262716377,1545640847,
162,162529,-1510647047,692491575,-1315425309,1130885255,
163,163529,-1391699125,102035483,-1237411358,622998859,
164,164529,-1064643017,-519955000,-1039631279,93312777,
165,165529,-575412827,-1086123198,-749862712,-383780159,
166,166529,7280610,-1516952555,-408802782,-741273628,
167,167529,601599740,-1751934155,-64352371,-928958770,
168,168529,1124074158,-1758065725,235111505,-920475789,
169,169529,1501323847,-1534486045,447530008,-717015988,
170,170529,1680365451,-1112596276,543069636,-347154745,
171,171529,1636052669,-551649445,508312067,137161917,
172,172529,1374609475,69571047,348138962,667913327,
173,173529,932754717,663816640,85046156,1170556957,
174,174529,372545476,1147627277,-244015802,1574497912,
175,175529,-227338485,1453053328,-592831094,1823004124,
176,176529,-782645197,1537198379,-912409696,1881173346,
177,177529,-1215383581,1388244718,-1157867656,1740836134,
178,178529,-1464776692,1027112228,-1294731212,1421702229,
179,179529,-1495798028,504521128,-1303778248,968593205,
180,180529,-1304090943,-106132320,-1183738197,445146784,
181,181529,-916579792,-719083669,-951470164,-75120546,
182,182529,-387689601,-1248245678,-639595725,-519138718,
183,183529,208298654,-1619299240,-291916558,-824546792,
184,184529,787680166,-1780130744,42736765,-948450995,
185,185529,1269082558,-1708152225,317363215,-873449476,
186,186529,1584894337,-1413472488,493392287,-610075847,
187,187529,1690760519,-937478673,546101219,-195320254,
188,188529,1571812598,-347022582,468087268,312566142,
189,189529,1244756490,274967901,270307189,842252224,
190,190529,755526300,841136099,-19461378,1319345160,
191,191529,172832863,1271965456,-360521309,1676838628,
192,192529,-421486268,1506947056,-704971719,1864523771,
193,193529,-943960686,1513078626,-1004435595,1856040789,
194,194529,-1321210375,1289498946,-1216854098,1652580989,
195,195529,-1500251979,867609177,-1312393726,1282719746,
196,196529,-1455939196,306662347,-1277636157,798403084,
197,197529,-1194496002,-314558145,-1117463052,267651674,
198,198529,-752641244,-908803738,-854370246,-234991956,
199,199529,-192432003,-1392614376,-525308289,-638932911,
200,200529,407451958,-1698040427,-176492996,-887439123,
201,201529,177098370,-966398409,298149905,-1181677858,
202,202529,9027603,-193631629,970581987,-1691351914,
203,203529,811132475,-406615880,1539138195,-2029324827,
204,204529,614207510,352505137,1910953811,-2128266837,
205,205529,661246044,715512144,2147483647,-2147483648,
206,206529,1075608468,496109259,2062398458,-1851293438,
207,207529,403003463,1174484442,1766161772,-1431156433,
208,208529,585331147,737285126,1308699005,-958646070,
209,209529,372522110,517468444,639522779,-325476652,
210,210529,-313137117,657756671,2074069,151798650,
211,211529,-2025580,-287717492,-616139144,561415000,
212,212529,-575797314,-277959056,-1137458475,859887447,
213,213529,-720241781,-595079064,-1378471578,837586584,
214,214529,-329627323,-1283154706,-1456712425,728067370,
215,215529,-809730125,-842861748,-1261102189,394317547,
216,216529,-264970548,-1234232522,-814337025,-124090539,
217,217529,-14221818,-1112532012,-290061625,-585512942,
218,218529,-156097454,-429020422,386144580,-1150486001,
219,219529,657830440,-658914312,1016017080,-1582413238,
220,220529,494975736,117964639,1505635828,-1812318875,
221,221529,628914963,494007717,1892849373,-1970265476,
222,222529,1082364534,373083253,1973638721,-1806331257,
223,223529,485567892,1128065984,1838288989,-1498161437,
224,224529,730655858,775713776,1507178069,-1091068526,
225,225529,524464683,672457707,919696401,-479214704,
226,226529,-124164704,853687501,304840173,28404014,
227,227529,159346436,-38802816,-355545403,519538185,
228,228529,-462820223,-13129946,-970483871,928033942,
229,229529,-636563968,-387657364,-1350504267,1039641815,
230,230529,-338603023,-1108527917,-1590086235,1063639632,
231,231529,-872070546,-765163460,-1552614037,839846486,
232,232529,-374706986,-1261576511,-1245360825,402771586,
233,233529,-190435922,-1205420154,-814764710,-28865478,
234,234529,-322783352,-627425232,-176381375,-614995368,
235,235529,485738142,-894926164,474481878,-1112610147,
236,236529,344720378,-125844297,1048132966,-1454492001,
237,237529,555072403,241658416,1563558115,-1744095470,
238,238529,1044273806,200561711,1802429855,-1718530730,
239,239529,527172490,1019827114,1835466065,-1540100052,
240,240529,842273213,751070580,1652683084,-1225818835,
241,241529,657230860,769162781,1180173506,-668278058,
242,242529,61486046,1005622449,627546585,-163771034,
243,243529,333020676,187287696,-34196075,379171477,
244,244529,-321037585,251069011,-706922691,876380064,
245,245529,-514293939,-155991369,-1200178734,1111896752,
246,246529,-303415398,-889794317,-1588751966,1271913950,
247,247529,-890174766,-630394550,-1712632755,1173479987,
248,248529,-448596861,-1224486430,-1562951061,843439537,
249,249529,-341397945,-1238049525,-1256567835,474043798,
250,250529,-479830374,-776916551,-695041021,-98196196,
251,251529,305505199,-1099794444,-64807818,-629208046,
252,252529,172044555,-362970244,554175907,-1057453177,
253,253529,445199545,-26642608,1167442242,-1463476185,
254,254529,963135402,-9647657,1546766336,-1573922271,
255,255529,525240793,856669857,1745349325,-1535393770,
256,256529,913646701,664200086,1723584078,-1335531561,
257,257529,761348428,802432724,1392379852,-862147801,
258,258529,232779926,1103347908,937952103,-394283447,
259,259529,508181714,376677078,315731353,167376586,
260,260529,-160048015,498758683,-375077513,725893886,
261,261529,-360368889,84310662,-948552372,1067445946,
262,262529,-227090247,-639959179,-1464255254,1357341846,
263,263529,-862892207,-447006858,-1742283829,1391370173,
264,264529,-481272662,-1125703397,-1758361257,1187249503,
265,265529,-458636606,-1207363174,-1598735875,908279375,
266,266529,-616843024,-868901294,-1148038946,383874658,
267,267529,128325216,-1260523068,-578718752,-146134883,
268,268529,-12846745,-577808115,44310982,-630146755,
269,269529,307169014,-294843941,718954750,-1130184266,
270,270529,843269804,-243559410,1212364836,-1365891186,
271,271529,479861391,648758021,1563530760,-1469010706,
272,272529,940810682,519973666,1705365224,-1397972696,
273,273529,829291318,771176690,1533119995,-1033600721,
274,274529,379701263,1140127499,1206854888,-633882670,
275,275529,673682947,517610437,662548349,-87795060,
276,276529,9384015,715016130,-5243801,500370848,
277,277529,-183652424,317190898,-620813192,923342633,
278,278529,-115236696,-373980151,-1233683411,1328729013,
279,279529,-791755257,-226442423,-1648734737,1493612684,
280,280529,-470138918,-971958943,-1828388768,1426354702,
281,281529,-535781408,-1114340163,-1828659694,1260026224,
282,282529,-724613386,-898371619,-1515624859,814193642,
283,283529,-34871460,-1366900424,-1043645515,319577935,
284,284529,-198784163,-756069482,-457883614,-186507812,
285,285529,150538563,-546955939,237816516,-752385355,
286,286529,691360272,-485771932,811864312,-1094831061,
287,287529,393887260,408997526,1293330180,-1332732928,
288,288529,922566748,326932466,1591058520,-1396769316,
289,289529,855997730,678481554,1585580423,-1159734856,
290,290529,493697625,1112942033,1409495892,-855647287,
291,291529,818871272,601322811,976607556,-358392628,
292,292529,175967701,886780256,371757159,225597312,
293,293529,5637038,527173142,-245104283,700212544,
294,294529,24479411,-107646937,-919045380,1199281780,
295,295529,-681178548,17287763,-1445181404,1484846968,
296,296529,-415457006,-773468175,-1775961566,1556883294,
297,297529,-568948334,-963916485,-1939036538,1518105048,
298,298529,-795665931,-864175406,-1781719333,1176454925,
299,299529,-173904182,-1411933433,-1437440096,749390952,
300,300529,-374683998,-886036021,-927700329,255960693,
301,301529,-14037655,-768036311,-252550558,-343446875,
302,302529,516162985,-720300800,363684594,-767490443,
303,303529,272826447,152306443,945188408,-1125137162,
304,304529,860624470,96821169,1381256156,-1321960691,
305,305529,838874113,531093452,1540019672,-1222853261,
306,306529,568277455,1022751263,1526814631,-1036035335,
307,307529,934376724,622714199,1231831523,-617748368,
308,308529,328697827,1003784019,726120357,-71801269,
309,309529,196526523,700298636,148849243,421409372,
310,310529,182524122,143105186,-546195150,986349808,
311,311529,-537987659,268693803,-1150310963,1374547478,
312,312529,-320299149,-543254355,-1610298498,1579671361,
313,313529,-556932081,-764620352,-1928683650,1675134712,
314,314529,-824721740,-769074008,-1935278925,1456541492,
315,315529,-280265023,-1392581460,-1741089956,1124957673,
316,316529,-530016099,-959053805,-1341139902,677814996,
317,317529,-175487968,-945133055,-726831459,79336891,
318,318529,327941069,-931601237,-109442562,-396087756,
319,319529,124579397,-105227637,535696682,-851240472,
320,320529,759266312,-156384428,1083778632,-1170161994,
321,321529,778090990,339132910,1394104084,-1211098394,
322,322529,599404193,874427274,1546353640,-1155925263,
323,323529,1012733828,580702661,1407065554,-841714396,
324,324529,457613082,1059273727,1030629461,-365627453,
325,325529,377789192,824812152,531319525,111959057,
326,326529,348168405,363271828,-143468403,710779147,
327,327529,-371036522,511739556,-787375287,1176878979,
328,328529,-190205902,-296174744,-1346599700,1500615921,
329,329529,-501265039,-528018120,-1802920994,1728333647,
330,330529,-809274959,-619815486,-1971249477,1643812230,
331,331529,-347526502,-1309818368,-1940143099,1429712814,
332,332529,-655523143,-970132197,-1676651961,1059312959,
333,333529,-322846827,-1067914794,-1159668145,496200977,
334,334529,137827891,-1105538365,-582205079,2749482,
335,335529,-41363222,-347668747,86323342,-521791326,
336,336529,625257880,-417168637,712987638,-944341460,
337,337529,676565258,115451865,1152817620,-1118831254,
338,338529,585849412,676558839,1462784960,-1201490369,
339,339529,1048843933,478282877,1487137555,-1009884022,
340,340529,554168691,1050174905,1262157226,-631379511,
341,341529,538813074,892074615,874258061,-202608603,
342,342529,510175548,539733878,259868052,395930946,
343,343529,-190577728,730933334,-382976897,910101795,
344,344529,-32897243,-48047635,-1005325628,1330608617,
345,345529,-406273074,-268144541,-1573428358,1680055564,
346,346529,-749601583,-426549398,-1891079549,1732115480,
347,347529,-371805838,-1168635362,-2025825974,1650226707,
348,348529,-743677759,-918123922,-1916708829,1381947722,
349,349529,-446015695,-1129390660,-1527473772,886432440,
350,350529,-43007146,-1230417158,-1028480853,409365327,
351,351529,-214352062,-560056113,-378129016,-152287683,
352,352529,467293490,-669584713,288691609,-653333731,
353,353529,539933870,-125010142,827961101,-946686330,
354,354529,529247023,440894168,1278026682,-1164824455,
355,355529,1040114996,322148584,1463631838,-1106576991,
356,356529,611921623,977443102,1402948956,-847486969,
357,357529,670168974,897007259,1152883196,-497575896,
358,358529,657656107,662233982,635276901,66489970,
359,359529,-7632699,912292867,34392462,595644284,
360,360529,142033796,185155732,-611085048,1085119126,
361,361529,-278704055,-517940,-1257657909,1537945130,
362,362529,-648783820,-202226034,-1702786120,1720456918,
363,363529,-351844719,-977560088,-1995780191,1777280443,
364,364529,-789243159,-805884520,-2049103609,1629816499,
365,365529,-536531578,-1126485036,-1810065491,1229940444,
366,366529,-203958572,-1297614432,-1423118001,802591906,
367,367529,-383302660,-729394350,-831228074,238260181,
368,368529,295645602,-898054289,-165280381,-311080824,
369,369529,376056875,-366312855,437224335,-701341058,
370,370529,433871361,181485033,1000996624,-1044161810,
371,371529,986780263,122430319,1335282834,-1121571230,
372,372529,626838886,845907869,1441589170,-996436457,
373,373529,764379922,838596893,1347075538,-750388056,
374,374529,780635271,723897082,956572787,-252903283,
375,375529,166581713,1044106387,436024093,257013912,
376,376529,323882464,388478723,-191218060,783457592,
377,377529,-127396076,258739957,-877883614,1314662265,
378,378529,-512381799,38362338,-1420594856,1613260851,
379,379529,-289174538,-748213117,-1854361671,1806628252,
380,380529,-789681102,-640170815,-2067839708,1790841996,
381,381529,-588005707,-1060131742,-1992055929,1508734029,
382,382529,-335721226,-1302195619,-1743640956,1161285570,
383,383529,-537241194,-845307907,-1246710833,628706702,
384,384529,121404233,-1088466264,-622717198,64414524,
385,385529,194489526,-592552112,2956795,-394892837,
386,386529,306422000,-86135349,646933081,-843792788,
387,387529,891800273,-108030392,1107948361,-1050533125,
388,388529,597758443,664187831,1373587669,-1065705713,
389,389529,816239841,719805925,1442498127,-941928806,
390,390529,870635326,721613863,1201464601,-538999810,
391,391529,321433377,1117752133,794688441,-81491101,
392,392529,501411854,548821444,225822460,447757026,
393,393529,37491710,494138738,-459925207,1027240956,
394,394529,-348231931,279363100,-1064188036,1420215639,
395,395529,-188087950,-494651282,-1612458910,1739458588,
396,396529,-745224214,-431122677,-1973600249,1857721985,
397,397529,-596585048,-935275107,-2063921339,1708223285,
398,398529,-430705814,-1243052203,-1971784709,1465792154,
399,399529,-666140820,-900839437,-1600257881,997227428,
400,400529,-44253734,-1229100248,-1056758936,452401093,
401,401529,5938209,-788800663,-449323002,-43921891,
402,402529,155569716,-345957758,236341975,-573636006,
403,403529,760831844,-354330334,794122981,-895171823,
404,404529,526284699,443968895,1201553161,-1048417656,
405,405529,823164648,547412555,1431418898,-1057548151,
406,406529,921243999,656270196,1352865031,-771253263,
407,407529,447485363,1128186105,1086260807,-396152878,
408,408529,663738825,655949232,612149905,101697910,
409,409529,204928512,691596654,-31629650,696139967,
410,410529,-165921934,504897805,-657538876,1155830099,
411,411529,-55326766,-232444086,-1286899096,1582452312,
412,412529,-658941526,-191705401,-1773783043,1828534556,
413,413529,-561012182,-760368748,-2022694152,1818254300,
414,414529,-483674039,-1123138542,-2094743551,1699286635,
415,415529,-761540499,-892870504,-1871093494,1322837605,
416,416529,-190739349,-1311335764,-1441662491,830816978,
417,417529,-178459762,-942095127,-892604665,331688680,
418,418529,-8433572,-582337756,-206382488,-248506687,
419,419529,601726553,-600596387,412057527,-663032546,
420,420529,416712575,199298662,934957930,-943641374,
421,421529,785338867,331570365,1313128748,-1087850260,
422,422529,928513424,532684873,1399899073,-932975519,
423,423529,537238861,1074419623,1291142664,-665238331,
424,424529,800836634,702945495,942109796,-230884559,
425,425529,363766617,839389647,378816343,344086842,
426,426529,23780612,700031820,-227471778,838641300,
427,427529,100337778,22297236,-899448508,1347493012,
428,428529,-536381160,63278781,-1482129362,1706934058,
429,429529,-482911071,-547057286,-1872232157,1833834352,
430,430529,-491997903,-949216162,-2106027379,1848962258,
431,431529,-817088140,-822324314,-2043355335,1586818723,
432,432529,-308735284,-1330215020,-1754477488,1177790213,
433,433529,-347686733,-1042095683,-1300165717,710078229,
434,434529,-174582815,-781165446,-654566562,112896149,
435,435529,424100303,-830920852,-15435463,-366900993,
436,436529,275742194,-54308664,589483509,-756347059,
437,437529,705703824,85171385,1093927919,-1029182212,
438,438529,891322255,359422337,1338512459,-1012311507,
439,439529,585443755,959419510,1395426987,-870279409,
440,440529,904246920,686729984,1193839582,-527394296,
441,441529,503385994,928829911,744602143,-5253022,
442,442529,209630941,851744054,197973998,490153197,
443,443529,268764428,254040787,-475519530,1050982753,
444,444529,-385393764,317945678,-1117919779,1502004210,
445,445529,-366576807,-309331577,-1623025266,1755541459,
446,446529,-455903341,-731513205,-2005923733,1906922614,
447,447529,-828913831,-694075622,-2107131817,1774000762,
448,448529,-390655597,-1284625936,-1976560947,1473067953,
449,449529,-491718064,-1081923390,-1647311534,1068852440,
450,450529,-331712149,-930645116,-1080975630,489260445,
451,451529,238662381,-1030434072,-462465909,-23917864,
452,452529,112083759,-300816989,185995806,-496996928,
453,453529,589885834,-176846114,786663591,-883811301,
454,454529,811284747,148084406,1171666261,-1002922710,
455,455529,589508450,790009707,1391732453,-997143197,
456,456529,967544954,608180806,1350601570,-767809304,
457,457529,614417081,954869957,1041936522,-328679090,
458,458529,380686497,949824246,591241092,133530363,
459,459529,438934294,448655953,-42624191,712877148,
460,460529,-215545013,556428376,-704802593,1227767839,
461,461529,-218799768,-62746248,-1291574221,1589568110,
462,462529,-378372475,-482997685,-1801517276,1870756857,
463,463529,-795817653,-516583106,-2059150472,1873750476,
464,464529,-431276608,-1177534482,-2094789517,1699357936,
465,465529,-602029414,-1058465014,-1912963833,1386566636,
466,466529,-469305715,-1022146598,-1459565702,858068094,
467,467529,56621296,-1186160730,-901724553,345577816,
468,468529,-64027808,-524608394,-250826435,-180853742,
469,469529,445687787,-438596022,409881752,-659719972,
470,470529,692769553,-87296224,909118554,-904311349,
471,471529,549561611,576341837,1279628255,-1036858726,
472,472529,986813750,472150522,1401802674,-935867129,
473,473529,689381843,916474079,1251489070,-604876348,
474,474529,526867158,987385619,926945196,-207802349,
475,475529,599742601,594400767,371320979,355495706,
476,476529,-37618175,763769461,-269340338,902370331,
477,477529,-48345723,176654556,-899384149,1347398228,
478,478529,-264932017,-218539838,-1506295843,1743724702,
479,479529,-719452633,-301464365,-1903018146,1880694960,
480,480529,-427965309,-1015697342,-2102420032,1843469187,
481,481529,-672257677,-972698120,-2081012022,1644138601,
482,482529,-578038769,-1050619978,-1767145798,1197074665,
483,483529,-111007979,-1287826590,-1306252179,719348808,
484,484529,-241589433,-711578975,-694073607,173033532,
485,485529,282710764,-684126550,-13369139,-370051761,
486,486529,542494792,-331275691,566784136,-721793286,
487,487529,468563332,331385374,1065637720,-986117222,
488,488529,960903417,287171765,1343610461,-1020068069,
489,489529,723050873,816567497,1359575222,-815704165,
490,490529,639691258,961407344,1183444476,-511577808,
491,491529,740582995,682538299,739723854,2173604,
492,492529,137175986,926981506,160634953,546994732,
493,493529,134589987,393340548,-471658314,1045106365,
494,494529,-123390687,45931830,-1139331036,1534598140,
495,495529,-604137125,-62675141,-1649021526,1795107444,
496,496529,-380954979,-809354056,-1999533931,1897195563,
497,497529,-698472347,-829495648,-2141351282,1826094808,
498,498529,-650399927,-1014947549,-1984877207,1485727114,
499,499529,-254155550,-1328569523,-1651156332,1074705773,
500,500529,-409437283,-849934762,-1116324639,543065417,
501,501529,111621582,-898556288,-457004588,-32232717,
502,502529,369253957,-567818148,165712657,-466117087,
503,503529,352071599,70067916,762786772,-847465293,
504,504529,891444813,64858179,1179173116,-1014349970,
505,505529,712863454,661947288,1358987779,-947300854,
506,506529,712672618,872785909,1344180541,-758037570,
507,507529,852159521,708033241,1038968579,-324157717,
508,508529,297861855,1035822547,557730106,184543098,
509,509529,318967702,573213427,-35735163,702389452,
510,510529,36729234,294510064,-724103871,1257146783,
511,511529,-456702988,184247453,-1313496290,1622936090,
512,512529,-293191198,-571441932,-1793051126,1857871623,
513,513529,-679473988,-637373271,-2090553757,1921556827,
514,514529,-681196046,-918046050,-2099477820,1706492654,
515,515529,-364274039,-1305317119,-1915198565,1389965533,
516,516529,-557058208,-931043452,-1491381559,906498262,
517,517529,-56366519,-1068853033,-893564334,333156981,
518,518529,183285890,-781385454,-269268937,-152775861,
519,519529,207879196,-191673487,389769227,-629105657,
520,520529,782798291,-180775151,918398356,-918442174,
521,521529,658972578,462736009,1249441325,-990905834,
522,522529,741890236,726449683,1398699330,-931142404,
523,523529,926983300,669773800,1249865888,-602402850,
524,524529,434377513,1083431525,896699560,-161761281,
525,525529,493651134,704548458,380607401,341353759,
526,526529,204676988,512188762,-287039824,929314755,
527,527529,-285914156,423323559,-917818594,1375461754,
528,528529,-170230750,-316873069,-1496326548,1728549357,
529,529529,-616873424,-407956587,-1932097265,1924961333,
530,530529,-667840576,-766640887,-2104075814,1845984895,
531,531529,-434970815,-1219081284,-2082138319,1645852976,
532,532529,-675108697,-949827096,-1795933757,1240900014,
533,533529,-210290592,-1184748564,-1295964368,703687924,
534,534529,-4346524,-957892994,-711129785,198997441,
535,535529,45538205,-437875084,-30248197,-344360485,
536,536529,641694630,-434283575,577325261,-737841077,
537,537529,564383868,231901138,1037570107,-943388776,
538,538529,726122786,530935499,1343283451,-1019569148,
539,539529,959883632,570680490,1358846633,-814596424,
540,540529,538212498,1066768304,1156009772,-469817351,
541,541529,648017866,778638209,750894141,-14831766,
542,542529,369307276,685968222,144134210,572114289,
543,543529,-102033669,639015847,-487087422,1068595802,
544,544529,-19850818,-61557069,-1128321069,1517836669,
545,545529,-514984409,-155244059,-1676166193,1836425545,
546,546529,-610599560,-570928640,-1998646084,1895843781,
547,547529,-462260133,-1074743649,-2141769724,1826732339,
548,548529,-756114387,-905193919,-2011046841,1525566517,
549,549529,-340082950,-1239338864,-1639209116,1056517796,
550,550529,-182458717,-1085603886,-1132350231,567456688,
551,551529,-124303851,-653611795,-471084751,-10798428,
552,552529,476946897,-679626156,177098972,-483449160,
553,553529,434651622,-15679029,736491731,-807435848,
554,554529,666987267,297918721,1181174769,-1017397493,
555,555529,948306420,417491364,1358798543,-947016979,
556,556529,602892913,986756303,1319191665,-719997248,
557,557529,772760330,790477580,1051597543,-343380992,
558,558529,519653180,805538336,542113713,208316148,
559,559529,83898091,817289290,-48555767,721905563,
560,560529,148404789,178559531,-712427050,1239367934,
561,561529,-380601029,105223455,-1339011467,1661777176,
562,562529,-512441912,-343796084,-1790027474,1853270487,
563,563529,-444940979,-880884011,-2090580487,1921597802,
564,564529,-794861481,-800023186,-2123359386,1742846647,
565,565529,-437241503,-1229558003,-1901977411,1369836728,
566,566529,-340486959,-1155909407,-1506651457,929742469,
567,567529,-290453643,-825807600,-905205931,350880547,
568,568529,298779823,-901297976,-257373925,-170882650,
569,569529,277609712,-264065754,364973646,-591361284,
570,570529,568784019,41425416,922357819,-924470956,
571,571529,892456158,220316401,1249513147,-991016779,
572,572529,624491926,848335504,1375859249,-896372255,
573,573529,860353484,738955630,1263602913,-623312075,
574,574529,645709849,864022655,881722697,-138964895,
575,575529,260683639,946420541,370068775,357395179,
576,576529,323821939,388488697,-274995843,910980135,
577,577529,-222469443,357445511,-941946979,1412191459,
578,578529,-378978815,-100139348,-1491505968,1721214520,
579,579529,-384566840,-649134912,-1931980975,1924781653,
580,580529,-788804393,-641063777,-2125936241,1879259708,
581,581529,-495364888,-1156372577,-2067959370,1624270285,
582,582529,-469052227,-1163767766,-1810663301,1263321163,
583,583529,-441999550,-944182705,-1305465445,718153961,
584,584529,118289779,-1085200919,-698997206,180527276,
585,585529,102800652,-497342028,-53758036,-308576239,
586,586529,438232981,-223039600,582934324,-746377107,
587,587529,795367496,-7913192,1037683899,-943562372,
588,588529,601765358,660039748,1322351342,-987703919,
589,589529,905627929,627028713,1373401806,-836752855,
590,590529,738975192,858317990,1141485577,-447711877,
591,591529,417696917,1017763261,742366911,-1849657,
592,592529,495255917,555208858,156302138,553592668,
593,593529,-50842973,585860085,-510017789,1103501471,
594,594529,-218003277,144185400,-1121988537,1508197557,
595,595529,-285450720,-393560235,-1676098618,1836319829,
596,596529,-738187211,-438467317,-2018700088,1926370917,
597,597529,-510495324,-1024660583,-2126897035,1804094575,
598,598529,-560654526,-1108130935,-2025398788,1547413594,
599,599529,-568884996,-1001779584,-1646819146,1068101967,
600,600529,-53359205,-1219643343,-1120197042,548955168,
601,601529,-79081130,-700566984,-493473735,23281949,
602,602529,284104725,-479411092,184096640,-494099328,
603,603529,662618029,-252361110,736478366,-807414362,
604,604529,536335149,433572861,1161954651,-988141521,
605,605529,905988329,461422910,1373932915,-970055552,
606,606529,793036559,789342560,1304979989,-698364646,
607,607529,545586913,1026332370,1044853752,-333114046,
608,608529,651749644,668394621,554210694,189903785,
609,609529,123262374,776426592,-70435617,755209371,
610,610529,-39114768,373241098,-704820237,1227788231,
611,611529,-154323656,-129701444,-1339139748,1661972162,
612,612529,-646010137,-205128007,-1808452177,1881317470,
613,613529,-481442329,-842983721,-2075232147,1898236946,
614,614529,-610038991,-991903041,-2137457395,1764304418,
615,615529,-662665275,-995526753,-1907903804,1378857133,
616,616529,-205555533,-1295993444,-1494651155,911476108,
617,617529,-256850387,-860701809,-926603822,383452297,
618,618529,116595480,-712147732,-249206454,-183312600,
619,619529,502083968,-497110585,364702658,-590950492,
620,620529,432462354,182946751,904691184,-897580389,
621,621529,861658940,252295902,1265028864,-1014633275,
622,622529,803979364,661982840,1361853797,-875053380,
623,623529,636800815,971053193,1258451575,-615469095,
624,624529,783318992,721163588,893591845,-157032658,
625,625529,288640456,917385672,349126923,389270675,
626,626529,146970967,572102560,-266315624,897768244,
627,627529,79378,126386821,-942383533,1412856655,
628,628529,-517888679,44080914,-1508445637,1747000675,
629,629529,-409770406,-622960675,-1916339476,1900972073,
630,630529,-614647477,-821884583,-2139869122,1900466782,
631,631529,-716939369,-926326043,-2072377371,1630995351,
632,632529,-328931398,-1309249754,-1798955160,1245500579,
633,633529,-419570182,-967465674,-1325971243,749368420,
634,634529,-53229365,-907120481,-689847308,166598401,
635,635529,323319990,-726297644,-54381796,-307627215,
636,636529,296886348,-76285147,566691017,-721652395,
637,637529,775637014,12563514,1053414582,-967506094,
638,638529,770602388,484754148,1308476543,-966582312,
639,639529,686137965,854914499,1369679668,-831088945,
640,640529,881458455,710378801,1153004107,-465245306,
641,641529,434706451,1000110505,722277057,28730575,
642,642529,329055517,727754197,165883281,539008972,
643,643529,167549363,359123175,-510845056,1104762842,
644,644529,-361634099,293314415,-1137562461,1531901991,
645,645529,-299815271,-378657092,-1660314348,1812292826,
646,646529,-574668284,-608230785,-2032531294,1947425216,
647,647529,-727805524,-799049111,-2129956660,1808751897,
648,648529,-415953895,-1258361323,-2014092976,1530206060,
649,649529,-557182893,-1013921251,-1666509418,1098072762,
650,650529,-214243983,-1052617003,-1110222563,533771095,
651,651529,137078454,-924986191,-494520426,24876109,
652,652529,138334086,-328071653,169168803,-471376098,
653,653529,653512154,-242905461,752285743,-831475020,
654,654529,694545890,269319342,1148156297,-967138464,
655,655529,690961923,684664065,1371502577,-966357284,
656,656529,939798651,636971373,1316050350,-715215387,
657,657529,552090350,1019576685,1025549945,-303729398,
658,658529,496174005,829921556,564545470,174172883,
659,659529,337091702,554424511,-71713927,757154715,
660,660529,-186869917,526642431,-719125500,1249562581,
661,661529,-158292486,-125580140,-1323338928,1637920251,
662,662529,-493098181,-363891205,-1822225175,1902284021,
663,663529,-694084410,-622205005,-2077062177,1901022839,
664,664529,-461365171,-1146262276,-2126641348,1747839561,
665,665529,-661238427,-997009382,-1926834260,1407672748,
666,666529,-355844704,-1139956224,-1483988745,895245121,
667,667529,-45448461,-1080194821,-928122456,385765812,
668,668529,-32991272,-556831236,-262908793,-162454522,
669,669529,503134701,-498204496,380470440,-614953538,
670,670529,580099405,29662493,890935923,-876641693,
671,671529,651485177,470511117,1263770290,-1012718686,
672,672529,954414905,505783535,1372400043,-891105448,
673,673529,633272672,974728132,1239884602,-587205165,
674,674529,638296045,871730115,904552161,-173718692,
675,675529,497532232,700500619,347358973,391962712,
676,676529,-4309562,729176266,-279434728,917737477,
677,677529,6030068,120196259,-926671897,1388940882,
678,678529,-375501589,-103741470,-1522187159,1767920167,
679,679529,-617389732,-407400174,-1917052577,1902055286,
680,680529,-462587561,-979767501,-2129608291,1884848038,
681,681529,-725313532,-917623419,-2090590730,1658720147,
682,682529,-468712378,-1164132474,-1787723293,1228403326,
683,683529,-213269728,-1181649934,-1327993943,752449170,
684,684529,-206062166,-748439110,-702400422,185705360,
685,685529,334060139,-737455546,-38749571,-331423439,
686,686529,434039278,-218678777,552958802,-700748209,
687,687529,570653682,225381277,1053223473,-967215279,
688,688529,924148818,325339050,1318439843,-981747769,
689,689529,673034336,868521411,1351812430,-803891496,
690,690529,746900570,850080175,1164480544,-482715990,
691,691529,638326341,788703484,719994486,32205622,
692,692529,174809773,887895968,153881169,557279677,
693,693529,182964192,343124003,-495311836,1081117921,
694,694529,-229689048,156321082,-1151287307,1552794008,
695,695529,-502077175,-168658345,-1660007324,1811824803,
696,696529,-419782669,-769041378,-2022877017,1932728923,
697,697529,-745520797,-780660954,-2147483648,1835433503,
698,698529,-545315001,-1124044078,-2002395452,1512399689,
699,699529,-356321315,-1222470383,-1669054797,1101946764,
700,700529,-369758377,-891152194,-1121689632,551226520,
701,701529,157040992,-945712285,-479105362,1409964,
702,702529,265101718,-459694982,155451327,-450493398,
703,703529,1026431926,-630054814,640097919,-660708021,
704,704529,2135606080,-1226770006,679196733,-253327242,
705,705529,1985433840,-659181698,367877012,561258392,
706,706529,1363390674,197231817,-15436775,1311416904,
707,707529,-59389814,1654372776,-253946633,1643772967,
708,708529,-593217514,1960906559,-364924532,1588906432,
709,709529,-188852016,1100438365,-671959742,1670772959,
710,710529,-584187740,939133717,-1130426271,1875589485,
711,711529,-1154151193,908292264,-1455060515,1838405161,
712,712529,-2147483648,1353628297,-1429388828,1304351967,
713,713529,-1889203771,618534270,-1126214493,453746872,
714,714529,-687923978,-911063589,-905841651,-110331528,
715,715529,-80005891,-1600439720,-789702013,-323138390,
716,716529,262469017,-1781875130,-596339624,-455817532,
717,717529,-59349876,-1065745640,-169704550,-768601607,
718,718529,693090701,-1310634276,346452327,-1089954796,
719,719529,1849903519,-1896390342,573887726,-909347805,
720,720529,2147483647,-1597545709,507019829,-292274710,
721,721529,1910064450,-836106276,326389828,414074490,
722,722529,689996624,780336998,249292453,818361217,
723,723529,552456480,1058612280,197486982,999399558,
724,724529,713092993,794055053,-124987257,1393329350,
725,725529,198524911,1010948941,-626400787,1874112402,
726,726529,-490233025,1233639827,-1087370054,2147483647,
727,727529,-1908399279,2107729395,-1251803338,1883805229,
728,728529,-1816592007,1392329962,-1181396731,1249187534,
729,729529,-1148802829,144256022,-1190759847,796578953,
730,730529,-918116572,-506808658,-1216651559,495253715,
731,731529,-620921341,-1026018817,-1118550190,179187544,
732,732529,-1067326669,-542663975,-729019194,-383035296,
733,733529,-131800019,-1266238634,-179072849,-996308399,
734,734529,1141509180,-2147483648,151607653,-1114153113,
735,735529,1631083782,-2083938657,283730882,-822253449,
736,736529,1862047613,-1701203605,333985806,-367449825,
737,737529,1041069934,-262995016,462008175,-67324721,
738,738529,1240623276,-3198579,578532436,144458774,
739,739529,1591320334,-84836092,376480623,680649921,
740,740529,1116073777,466846581,-54039735,1371978056,
741,741529,414794087,1020767632,-513629352,1909882103,
742,742529,-1038474255,2147483647,-782345641,1982295377,
743,743529,-1254533964,1835505960,-897870793,1693837676,
744,744529,-1002721188,958841492,-1113045800,1494573829,
745,745529,-1123602248,476590001,-1346946882,1335315850,
746,746529,-1252144287,95091905,-1426363990,1024784903,
747,747529,-1790566320,304271938,-1187102473,373648965,
748,748529,-1023969922,-627123612,-752032273,-390765809,
749,749529,81945840,-1677480408,-424718206,-792041560,
750,750529,804099864,-2109824312,-209468578,-837240557,
751,751529,1140003692,-1966185743,-2789605,-723567079,
752,752529,801436524,-1016482757,326567573,-710942808,
753,753529,1426974860,-1045882121,624384160,-636797382,
754,754529,1903648746,-985953860,630385123,-179040972,
755,755529,1890055913,-560187990,384220183,536384445,
756,756529,1266344146,297982308,38703043,1229022033,
757,757529,-38982569,1633216998,-185288997,1539264303,
758,758529,-191747177,1544092994,-380302410,1612303129,
759,759529,-414327461,1334517849,-721899460,1746789052,
760,760529,-692313082,1051386228,-1113963126,1850536881,
761,761529,-1227631431,984580309,-1402939463,1759072501,
762,762529,-2131907515,1337473559,-1366424374,1208504017,
763,763529,-1514506186,229506098,-1140982384,476222570,
764,764529,-886022063,-705399563,-955297475,-35043709,
765,765529,-202832698,-1472903737,-775264348,-345114190,
766,766529,194312379,-1711126174,-544370960,-534928397,
767,767529,-21449658,-1105096854,-112345334,-855911578,
768,768529,1020651589,-1650711445,331039722,-1066488699,
769,769529,1681901751,-1721961831,527155899,-838209783,
770,770529,2026407086,-1471828778,517864730,-308789810,
771,771529,1821046095,-743709731,378579143,334627017,
772,772529,770285493,696968885,302622491,737193706,
773,773529,830525408,769939789,179491276,1026800075,
774,774529,559411069,953620730,-167333231,1457780713,
775,775529,103872674,1109210311,-619259553,1863233213,
776,776529,-619483445,1367807955,-1036116301,2069468545,
777,777529,-1783503515,1978058598,-1200262610,1805364123,
778,778529,-1571844026,1138257577,-1203390310,1282668504,
779,779529,-1312456185,314171066,-1228514587,854035183,
780,780529,-968089535,-454952743,-1211819238,487893676,
781,781529,-792155390,-848251363,-1070110931,105465079,
782,782529,-914174538,-701654518,-677554066,-461366883,
783,783529,104569047,-1511625636,-205064660,-956748498,
784,784529,949627179,-1948267667,117126193,-1061675845,
785,785529,1626750330,-2079464410,288363725,-829304125,
786,786529,1665596720,-1497247345,378196237,-434734807,
787,787529,1197115219,-424981702,513696857,-146003879,
788,788529,1487891040,-259918490,550040198,187822398,
789,789529,1369924132,145018229,343202404,731304104,
790,790529,1139940492,442060144,-47958644,1362724637,
791,791529,219059955,1223979159,-473695449,1849099822,
792,792529,-899561165,2003276394,-731645076,1905117925,
793,793529,-993755919,1564754182,-926624370,1737603132,
794,794529,-1236658597,1201719639,-1146773626,1545917117,
795,795529,-1098235466,450259059,-1339132316,1323420281,
796,796529,-1426302232,275895523,-1389271013,968320643,
797,797529,-1672396430,181588838,-1139373942,300999024,
798,798529,-765226918,-895754612,-779228527,-349365378,
799,799529,-138236584,-1448876320,-459220443,-739521701,
800,800529,809147528,-2115061033,-201124526,-849946777,
801,801529,992078945,-1812625318,33660344,-779052606,
802,802529,913346962,-1132670682,369718845,-776619893,
803,803529,1658688862,-1286439217,599231404,-598506364,
804,804529,1718817678,-794050779,596259839,-127100842,
805,805529,1869037130,-538372296,391105183,525898074,
806,806529,1131234681,438237192,76326473,1171754870,
807,807529,90749001,1498531910,-147024476,1481027867,
808,808529,-7606459,1352933079,-404415843,1649008592,
809,809529,-558135017,1483824177,-753704387,1795193386,
810,810529,-727014866,1087398501,-1110179033,1844774100,
811,811529,-1373146326,1135647125,-1363627618,1699239481,
812,812529,-1964453896,1163630404,-1331882896,1155931442,
813,813529,-1382766520,92744956,-1165879953,514118115,
814,814529,-1001285145,-585732840,-983168607,7373815,
815,815529,-228767632,-1445995275,-774954201,-345584875,
816,816529,19009209,-1529122933,-504345733,-595847102,
817,817529,188153097,-1322698570,-79538924,-905848420,
818,818529,1113283761,-1746882388,303826793,-1025069064,
819,819529,1572409468,-1608284186,503575737,-802319249,
820,820529,2028227615,-1473730476,515800061,-305645317,
821,821529,1611736208,-526399767,417489533,275402448,
822,822529,1008428031,449735223,335405699,687290091,
823,823529,907810918,689694244,149652028,1072219726,
824,824529,436024877,1081728176,-187738805,1488842896,
825,825529,137611476,1074179239,-621743633,1867012955,
826,826529,-849118350,1606211499,-999908799,2014354926,
827,827529,-1541008518,1726302848,-1166998630,1754731473,
828,828529,-1488970595,1052214748,-1234716277,1330353167,
829,829529,-1454894502,462059742,-1247733206,883289991,
830,830529,-915996715,-509036234,-1212992125,489674952,
831,831529,-1017785404,-614012039,-1037019700,55093940,
832,832529,-688917824,-935516488,-644758804,-511281954,
833,833529,199697328,-1610381240,-235871056,-909854331,
834,834529,800559540,-1793498625,97310419,-1031516054,
835,835529,1672957342,-2127443012,289071143,-830384581,
836,836529,1465897008,-1289926849,409190760,-481912374,
837,837529,1397607853,-633133352,544188563,-192411484,
838,838529,1584428808,-360132499,521565197,231166319,
839,839529,1237395387,282614161,322149196,763344568,
840,840529,1158270614,423015776,-46236254,1360101596,
841,841529,53313293,1396056269,-442896485,1802222862,
842,842529,-713886670,1810512305,-705124138,1864751936,
843,843529,-917538023,1485631687,-952090333,1776365121,
844,844529,-1331517882,1300205790,-1168275504,1578641482,
845,845529,-1116015037,468702787,-1338161280,1321943008,
846,846529,-1567544474,422536647,-1356924671,919088831,
847,847529,-1480540162,-17591084,-1117380051,267520812,
848,848529,-729293720,-933060640,-802439616,-314036035,
849,849529,-187850828,-1397363347,-479471226,-708698616,
850,850529,764495961,-2068713536,-202543123,-847786625,
851,851529,854635524,-1669928620,68197544,-831621235,
852,852529,1130935696,-1358567923,388050554,-804524749,
853,853529,1647658907,-1274990916,576589802,-564042527,
854,854529,1704609448,-779294670,578853325,-100605142,
855,855529,1818202006,-485600087,386730712,532555784,
856,856529,977999517,597325200,112278227,1117031081,
857,857529,340647088,1239088149,-130553633,1455957010,
858,858529,-54994998,1402131697,-428098272,1685058175,
859,859529,-558365860,1484070260,-767722955,1816531655,
860,860529,-764133090,1125931027,-1116669636,1854651170,
861,861529,-1549113684,1318331620,-1327988759,1644991843,
862,862529,-1692783208,881581224,-1315531731,1131045161,
863,863529,-1444262689,156595646,-1191193965,552651048,
864,864529,-1008444844,-578295224,-994648729,24846305,
865,865529,-244600067,-1429563675,-781768159,-335215635,
866,866529,-169696531,-1333213335,-470713446,-647039421,
867,867529,459385851,-1604292845,-62571150,-931672032,
868,868529,1059594461,-1691132133,277667652,-985251146,
869,869529,1549495220,-1584494017,492828576,-785964007,
870,870529,2024489387,-1469858257,510433882,-297477678,
871,871529,1431974627,-339770562,448400867,228352689,
872,872529,1257184815,191474394,352353488,661495630,
873,873529,871944694,726940283,124391570,1110669082,
874,874529,405187138,1113743550,-199551245,1506819345,
875,875529,125057314,1087201007,-624859030,1871756409,
876,876529,-998272521,1761070168,-971073126,1970464835,
877,877529,-1325031086,1502072834,-1151674960,1731406553,
878,878529,-1513608753,1077798249,-1257328588,1364772417,
879,879529,-1474009585,481908441,-1261456866,904177017,
880,880529,-958437432,-464986277,-1214412518,491838085,
881,881529,-1126240060,-501407430,-1008642190,11900893,
882,882529,-499440597,-1132232235,-632690818,-529652463,
883,883529,167726286,-1577190451,-255024707,-880698751,
884,884529,813217542,-1806633247,82183042,-1008490505,
885,885529,1590931799,-2042292396,287804012,-828456683,
886,886529,1391694596,-1212888798,438772572,-526939107,
887,887529,1578993020,-821445708,552284298,-204734577,
888,888529,1525858936,-299326791,505330634,255878649,
889,889529,1290766970,227209377,307122370,786217484,
890,890529,1043421800,542248291,-48961531,1364247733,
891,891529,-5354060,1456960172,-411344186,1754196236,
892,892529,-521173937,1610439662,-700381500,1857534889,
893,893529,-1011184628,1582859777,-966953530,1798989195,
894,894529,-1244803152,1210179385,-1181604141,1598928386,
895,895529,-1244553782,602149621,-1343086096,1329437656,
896,896529,-1630685365,488084968,-1323962345,868915981,
897,897529,-1267547631,-238720250,-1114362769,262931013,
898,898529,-850389702,-807329246,-817593974,-290969464,
899,899529,-87564727,-1501483630,-490348743,-692143824,
900,900529,642931980,-1942509710,-209099131,-837807547,
901,901529,777184773,-1589519138,100994492,-881542200,
902,902529,1357254671,-1593534988,391098313,-809161630,
903,903529,1519120986,-1141532113,560304213,-539254214,
904,904529,1796997258,-875215895,569884982,-86956696,
905,905529,1714356316,-377793805,380124506,542612599,
906,906529,892132813,686477061,143189342,1069980668,
907,907529,560973685,1010340215,-126527031,1449828690,
908,908529,-169145552,1520651360,-445072701,1710895381,
909,909529,-485608687,1408531865,-776337558,1829642107,
910,910529,-855117933,1220383660,-1121589893,1862141919,
911,911529,-1625123451,1397252488,-1299894479,1602228697,
912,912529,-1499722220,681139883,-1310854483,1123925417,
913,913529,-1531785506,247466708,-1207398925,577318053,
914,914529,-951519830,-637392365,-1004633200,40042612,
915,915529,-340020195,-1330506843,-784043018,-331752662,
916,916529,-215453575,-1285702819,-445098823,-686028054,
917,917529,613332483,-1764123627,-58596791,-937721825,
918,918529,995449773,-1624535392,263873670,-964253413,
919,919529,1606937365,-1644125325,480511757,-767217121,
920,920529,1905000591,-1345812044,510500895,-297580923,
921,921529,1427649685,-335280089,472904413,191055828,
922,922529,1375591861,68545123,354066229,658889250,
923,923529,815240574,785811824,113906967,1126628601,
924,924529,482099037,1033896697,-213906924,1528669940,
925,925529,-29171659,1247318198,-623794156,1870133776,
926,926529,-965293687,1726827360,-946088808,1932436302,
927,927529,-1225798000,1399052162,-1153064938,1733524113,
928,928529,-1581698768,1148493771,-1264849933,1376220022,
929,929529,-1367329963,371150955,-1276510297,927089577,
930,930529,-1142934313,-273441474,-1213938742,491116275,
931,931529,-1072928933,-556759099,-982281447,-28223336,
932,932529,-399880564,-1235594745,-636797252,-523399698,
933,933529,77757435,-1483776157,-260978462,-871637751,
934,934529,945035093,-1943493474,68036350,-986958676,
935,935529,1393483560,-1837300931,286769460,-826881014,
936,936529,1445035505,-1268267078,466191849,-568675225,
937,937529,1690328890,-937038373,546894511,-196528958,
938,938529,1418220534,-187566259,499271277,265101099,
939,939529,1430296006,82343614,294836591,804916527,
940,940529,853812957,739098407,-51225242,1367694830,
941,941529,35537085,1414511254,-384230398,1712924813,
942,942529,-401130575,1485804530,-705334921,1865075170,
943,943529,-1119538616,1695361436,-974158420,1809956417,
944,944529,-1118565563,1079116584,-1192258183,1615143878,
945,945529,-1413174379,777207377,-1345255626,1332740723,
946,946529,-1600339403,456584418,-1298816459,830640340,
947,947529,-1154598605,-355989119,-1117780569,268133648,
948,948529,-938828342,-715506551,-825810901,-278461320,
949,949529,11873837,-1604720320,-500644884,-676472982,
950,950529,494155090,-1788054436,-209542149,-837133415,
951,951529,811664430,-1625313683,123115383,-915212689,
952,952529,1443484383,-1683060962,389147060,-806191018,
953,953529,1463885024,-1084182244,552257630,-527005750,
954,954529,1870358507,-951378690,558351025,-69401449,
955,955529,1571427493,-229408829,382450109,539071901,
956,956529,949446430,626973355,162386977,1040760108,
957,957529,607998529,961519913,-128137613,1452281178,
958,958529,-192043245,1544426995,-451427291,1720567673,
959,959529,-424653290,1345246921,-790132416,1850639080,
960,960529,-1010447907,1381645917,-1116603746,1854551538,
961,961529,-1533158486,1301771492,-1282457612,1575688267,
962,962529,-1490371847,671434686,-1313609457,1128120181,
963,963529,-1536235477,252090714,-1211090398,582935949,
964,964529,-884797237,-706667919,-1020574042,64306289,
965,965529,-519407755,-1144265180,-777568685,-341607485,
966,966529,-90846347,-1415073385,-427885038,-712229563,
967,967529,599580619,-1749845223,-63455156,-930325383,
968,968529,990834013,-1619737403,262694786,-962460132,
969,969529,1691310453,-1731728228,463604439,-741482304,
970,970529,1703502994,-1136614503,516899815,-307320381,
971,971529,1569887077,-482952622,490927599,163621467,
972,972529,1358192728,86606991,347248492,669267985,
973,973529,797862164,803861705,114029595,1126441363,
974,974529,582633153,929515868,-230198164,1553466619,
975,975529,-237898623,1464019935,-618548810,1862150381,
976,976529,-825427650,1581618815,-927311302,1903853796,
977,977529,-1233193620,1406726777,-1160643303,1745060417,
978,978529,-1611263817,1179195226,-1265048412,1376522341,
979,979529,-1264983655,264891120,-1291071591,949252710,
980,980529,-1338940538,-69948739,-1209851247,484894747,
981,981529,-949792832,-684598305,-963857369,-56267230,
982,982529,-396654528,-1238946227,-643519622,-513166691,
983,983529,49399038,-1454329343,-262665011,-869070420,
984,984529,1029695224,-2031389483,55256247,-967506475,
985,985529,1224647697,-1662017040,290746161,-832934419,
986,986529,1550020450,-1377263435,482726441,-593842483,
987,987529,1691960436,-938731819,542200962,-189384021,
988,988529,1409727930,-178745608,495984443,270103686,
989,989529,1483123489,27495885,282836227,823182199,
990,990529,713742840,884519265,-45872240,1359546395,
991,991529,133840202,1312450265,-370693652,1692320665,
992,992529,-418749537,1504098357,-707874366,1868941615,
993,993529,-1094669203,1669545459,-978100583,1815956109,
994,994529,-1098959560,1058757906,-1204934237,1634438264,
995,995529,-1535835962,904556196,-1337449740,1320858844,
996,996529,-1491599212,343687451,-1288350279,814709603,
997,997529,-1204210070,-304480991,-1119101722,270145588,
998,998529,-879714301,-776874872,-828992936,-273618805,
999,999529,9863362,-1602637658,-515061705,-654528839,
1000,1000529,371684103,-1660902754,-199228623,-852831922,
1001,1001529,943328407,-1762009902,131498876,-927973668,
