1,1529,826658041,111811973,
2,2529,1230089828,391852078,
3,3529,1462593141,547998103,
4,4529,1491513601,558319760,
5,5529,1312789608,421367475,
6,6529,951522104,156375602,
7,7529,458450257,-199438284,
8,8529,-97175532,-596101356,
9,9529,-637319247,-977903412,
10,10529,-1086119340,-1291221506,
11,11529,-1380543211,-1492051008,
12,12529,-1479239755,-1552186010,
13,13529,-1368347414,-1463180808,
14,14529,-1063440721,-1237535838,
15,15529,-607342957,-906942281,
16,16529,-64111612,-517831015,
17,17529,489958092,-124851580,
18,18529,977048666,216803241,
19,19529,1328749651,459149017,
20,20529,1495665914,568149057,
21,21529,1454354152,528494555,
22,22529,1210616831,345754940,
23,23529,798686064,45595445,
24,24529,276416205,-329827479,
25,25529,-282841460,-727786752,
26,26529,-800540805,-1092390228,
27,27529,-1203972592,-1372430333,
28,28529,-1436475906,-1528576358,
29,29529,-1465396365,-1538898014,
30,30529,-1286672373,-1401945729,
31,31529,-925404869,-1136953857,
32,32529,-432333022,-781139971,
33,33529,123292768,-384476899,
34,34529,663436483,-2674842,
35,35529,1112236575,310643252,
36,36529,1406660446,511472753,
37,37529,1505356991,571607755,
38,38529,1394464650,482602554,
39,39529,1089557956,256957584,
40,40529,633460192,-73635973,
41,41529,90228847,-462747240,
42,42529,-463840856,-855726674,
43,43529,-950931430,-1197381495,
44,44529,-1302632415,-1439727272,
45,45529,-1469548679,-1548727312,
46,46529,-1428236917,-1509072809,
47,47529,-1184499595,-1326333194,
48,48529,-772568828,-1026173700,
49,49529,-250298969,-650750776,
50,50529,308958695,-252791503,
51,51529,826658041,111811973,
52,52529,1230089828,391852078,
53,53529,1462593141,547998103,
54,54529,1491513601,558319760,
55,55529,1312789608,421367475,
56,56529,951522104,156375602,
57,57529,458450257,-199438284,
58,58529,-97175532,-596101356,
59,59529,-637319247,-977903412,
60,60529,-1086119340,-1291221506,
61,61529,-1380543211,-1492051008,
62,62529,-1479239755,-1552186010,
63,63529,-1368347414,-1463180808,
64,64529,-1063440721,-1237535838,
65,65529,-607342957,-906942281,
66,66529,-64111612,-517831015,
67,67529,489958092,-124851580,
68,68529,977048666,216803241,
69,69529,1328749651,459149017,
70,70529,1495665914,568149057,
71,71529,1454354152,528494555,
72,72529,1210616831,345754940,
73,73529,798686064,45595445,
74,74529,276416205,-329827479,
75,75529,-282841460,-727786752,
76,76529,-800540805,-1092390228,
77,77529,-1203972592,-1372430333,
78,78529,-1436475906,-1528576358,
79,79529,-1465396365,-1538898014,
80,80529,-1286672373,-1401945729,
81,81529,-925404869,-1136953857,
82,82529,-432333022,-781139971,
83,83529,123292768,-384476899,
84,84529,663436483,-2674842,
85,85529,1112236575,310643252,
86,86529,1406660446,511472753,
87,87529,1505356991,571607755,
88,88529,1394464650,482602554,
89,89529,1089557956,256957584,
90,90529,633460192,-73635973,
91,91529,90228847,-462747240,
92,92529,-463840856,-855726674,
93,93529,-950931430,-1197381495,
94,94529,-1302632415,-1439727272,
95,95529,-1469548679,-1548727312,
96,96529,-1428236917,-1509072809,
97,97529,-1184499595,-1326333194,
98,98529,-772568828,-1026173700,
99,99529,-250298969,-650750776,
100,100529,308958695,-252791503,
101,101529,826658041,111811973,
102,102529,1230089828,391852078,
103,103529,1462593141,547998103,
104,104529,1491513601,558319760,
105,105529,1312789608,421367475,
106,106529,951522104,156375602,
107,107529,458450257,-199438284,
108,108529,-97175532,-596101356,
109,109529,-637319247,-977903412,
110,110529,-1086119340,-1291221506,
111,111529,-1380543211,-1492051008,
112,112529,-1479239755,-1552186010,
113,113529,-1368347414,-1463180808,
114,114529,-1063440721,-1237535838,
115,115529,-607342957,-906942281,
116,116529,-64111612,-517831015,
117,117529,489958092,-124851580,
118,118529,977048666,216803241,
119,119529,1328749651,459149017,
120,120529,1495665914,568149057,
121,121529,1454354152,528494555,
122,122529,1210616831,345754940,
123,123529,798686064,45595445,
124,124529,276416205,-329827479,
125,125529,-282841460,-727786752,
126,126529,-800540805,-1092390228,
127,127529,-1203972592,-1372430333,
128,128529,-1436475906,-1528576358,
129,129529,-1465396365,-1538898014,
130,130529,-1286672373,-1401945729,
131,131529,-925404869,-1136953857,
132,132529,-432333022,-781139971,
133,133529,123292768,-384476899,
134,134529,663436483,-2674842,
135,135529,1112236575,310643252,
136,136529,1406660446,511472753,
137,137529,1505356991,571607755,
138,138529,1394464650,482602554,
139,139529,1089557956,256957584,
140,140529,633460192,-73635973,
141,141529,90228847,-462747240,
142,142529,-463840856,-855726674,
143,143529,-950931430,-1197381495,
144,144529,-1302632415,-1439727272,
145,145529,-1469548679,-1548727312,
146,146529,-1428236917,-1509072809,
147,147529,-1184499595,-1326333194,
148,148529,-772568828,-1026173700,
149,149529,-250298969,-650750776,
150,150529,308958695,-252791503,
151,151529,826658041,111811973,
152,152529,1230089828,391852078,
153,153529,1462593141,547998103,
154,154529,1491513601,558319760,
155,155529,1312789608,421367475,
156,156529,951522104,156375602,
157,157529,458450257,-199438284,
158,158529,-97175532,-596101356,
159,159529,-637319247,-977903412,
160,160529,-1086119340,-1291221506,
161,161529,-1380543211,-1492051008,
162,162529,-1479239755,-1552186010,
163,163529,-1368347414,-1463180808,
164,164529,-1063440721,-1237535838,
165,165529,-607342957,-906942281,
166,166529,-64111612,-517831015,
167,167529,489958092,-124851580,
168,168529,977048666,216803241,
169,169529,1328749651,459149017,
170,170529,1495665914,568149057,
171,171529,1454354152,528494555,
172,172529,1210616831,345754940,
173,173529,798686064,45595445,
174,174529,276416205,-329827479,
175,175529,-282841460,-727786752,
176,176529,-800540805,-1092390228,
177,177529,-1203972592,-1372430333,
178,178529,-1436475906,-1528576358,
179,179529,-1465396365,-1538898014,
180,180529,-1286672373,-1401945729,
181,181529,-925404869,-1136953857,
182,182529,-432333022,-781139971,
183,183529,123292768,-384476899,
184,184529,663436483,-2674842,
185,185529,1112236575,310643252,
186,186529,1406660446,511472753,
187,187529,1505356991,571607755,
188,188529,1394464650,482602554,
189,189529,1089557956,256957584,
190,190529,633460192,-73635973,
191,191529,90228847,-462747240,
192,192529,-463840856,-855726674,
193,193529,-950931430,-1197381495,
194,194529,-1302632415,-1439727272,
195,195529,-1469548679,-1548727312,
196,196529,-1428236917,-1509072809,
197,197529,-1184499595,-1326333194,
198,198529,-772568828,-1026173700,
199,199529,-250298969,-650750776,
200,200529,308958695,-252791503,
201,201529,527984168,199063279,
202,202529,529131066,767922801,
203,203529,718520111,1329277160,
204,204529,651945874,1772602425,
205,205529,544328375,2080821788,
206,206529,504814546,2147483647,
207,207529,145023536,1983231797,
208,208529,-53919509,1635573401,
209,209529,-215403314,1087803735,
210,210529,-464438856,453975684,
211,211529,-493356053,-188709059,
212,212529,-574918947,-780580117,
213,213529,-551334644,-1194078699,
214,214529,-321785630,-1415013481,
215,215529,-162265463,-1421034228,
216,216529,50578377,-1175953899,
217,217529,288048389,-755347586,
218,218529,451504348,-205979980,
219,219529,615289647,402176799,
220,220529,689743274,943611919,
221,221529,595443361,1376174827,
222,222529,483170039,1634352692,
223,223529,344307992,1646052598,
224,224529,84413931,1443771956,
225,225529,-112538511,1033587802,
226,226529,-341000683,462754212,
227,227529,-549144230,-151937138,
228,228529,-525852098,-772786628,
229,229529,-574350408,-1301574728,
230,230529,-508587140,-1636849188,
231,231529,-283499339,-1780702338,
232,232529,-168874372,-1675886567,
233,233529,154570559,-1348889369,
234,234529,374888583,-881238322,
235,235529,439585720,-280745832,
236,236529,665660356,326288942,
237,237529,619715706,848571649,
238,238529,562175594,1251251994,
239,239529,503632046,1422166725,
240,240529,160835206,1375632021,
241,241529,24602707,1121673481,
242,242529,-180508714,646070621,
243,243529,-460808093,69014709,
244,244529,-489712431,-556045066,
245,245529,-627587035,-1153148624,
246,246529,-587564931,-1597844871,
247,247529,-380928457,-1878982773,
248,248529,-301123128,-1935500040,
249,249529,-40134212,-1739790361,
250,250529,201327889,-1362502706,
251,251529,362830107,-823337960,
252,252529,585124888,-209098533,
253,253529,628549976,373164521,
254,254529,590916734,880070661,
255,255529,547537740,1212643203,
256,256529,374517661,1317030457,
257,257529,151115933,1206776220,
258,258529,-61284366,868133910,
259,259529,-307005465,360303332,
260,260529,-482592352,-231969878,
261,261529,-535343447,-861165604,
262,262529,-612812756,-1411725435,
263,263529,-551180850,-1803280174,
264,264529,-367181348,-2011346998,
265,265529,-230808971,-1972092795,
266,266529,61553845,-1712161106,
267,267529,270674083,-1278646327,
268,268529,394953822,-692378544,
269,269529,629538314,-79077361,
270,270529,616479633,488000049,
271,271529,586334962,951588421,
272,272529,527139452,1202186094,
273,273529,235845297,1246201715,
274,274529,110069088,1064040675,
275,275529,-128030118,651800085,
276,276529,-409985982,118743264,
277,277529,-463191166,-499356221,
278,278529,-628848288,-1111236252,
279,279529,-594239749,-1601550176,
280,280529,-443469821,-1950792956,
281,281529,-392733403,-2072185197,
282,282529,-101425774,-1949154134,
283,283529,116850952,-1634299181,
284,284529,292533976,-1128504234,
285,285529,547804097,-530141593,
286,286529,577009434,73404258,
287,287529,615532877,629381571,
288,288529,600790073,1019859034,
289,289529,402257155,1207466093,
290,290529,238906977,1178855113,
291,291529,3205636,907955857,
292,292529,-248934271,459431678,
293,293529,-400199135,-111696899,
294,294529,-542130924,-743440138,
295,295529,-620469707,-1316804728,
296,296529,-563235456,-1768756894,
297,297529,-444507867,-2044140394,
298,298529,-284002432,-2079563601,
299,299529,-26682628,-1895192431,
300,300529,174582379,-1508719893,
301,301529,362876457,-956649210,
302,302529,582889116,-350641862,
303,303529,601726976,247800132,
304,304529,612338003,758435732,
305,305529,556346132,1081060054,
306,306529,315945612,1206596092,
307,307529,189713411,1094773146,
308,308529,-69948703,751744351,
309,309529,-341978913,263668916,
310,310529,-420784709,-341845708,
311,311529,-610931849,-962607432,
312,312529,-600723604,-1496168512,
313,313529,-495505108,-1907652038,
314,314529,-457653458,-2097439015,
315,315529,-164960874,-2055156412,
316,316529,34831221,-1807675779,
317,317529,220444166,-1347560284,
318,318529,495310498,-776463788,
319,319529,539734576,-163293711,
320,320529,631077983,426335955,
321,321529,630649035,869044097,
322,322529,439801409,1135704362,
323,323529,322023550,1184281466,
324,324529,71818147,984758319,
325,325529,-173847059,598598938,
326,326529,-328670444,56005919,
327,327529,-533867752,-567113829,
328,328529,-600155641,-1159514378,
329,329529,-576461750,-1666691137,
330,330529,-510251623,-2005093396,
331,331529,-330261740,-2117717512,
332,332529,-121313700,-2011262634,
333,333529,93842505,-1680689241,
334,334529,325078993,-1175376036,
335,335529,513258221,-584268002,
336,336529,590464628,34123942,
337,337529,630394162,581439119,
338,338529,575977721,970967277,
339,339529,400735752,1172452164,
340,340529,254089060,1133522876,
341,341529,-7507561,865599151,
342,342529,-253418418,425796070,
343,343529,-380481085,-157122085,
344,344529,-581640402,-777874119,
345,345529,-596205230,-1347982388,
346,346529,-542609707,-1813525233,
347,347529,-502828913,-2072468927,
348,348529,-229620106,-2112781380,
349,349529,-53513848,-1934533420,
350,350529,150918748,-1530270686,
351,351529,435899075,-995053470,
352,352529,499566002,-382940628,
353,353529,633456418,228208230,
354,354529,646435579,718996557,
355,355529,477442456,1058765236,
356,356529,400154353,1181502879,
357,357529,143174568,1057897373,
358,358529,-98860838,737736271,
359,359529,-257648044,233182624,
360,360529,-505448595,-370974734,
361,361529,-571641418,-976820970,
362,362529,-583963052,-1529765145,
363,363529,-563153057,-1925890416,
364,364529,-378203314,-2115641053,
365,365529,-206537121,-2087384344,
366,366529,17912916,-1820449185,
367,367529,270164384,-1370321027,
368,368529,440668740,-801258540,
369,369529,574068985,-175176773,
370,370529,634068587,400065569,
371,371529,594686289,850639985,
372,372529,474150724,1122988244,
373,373529,308463502,1159507466,
374,374529,68545440,970032436,
375,375529,-164132072,583063263,
376,376529,-339565324,33851470,
377,377529,-535183319,-578161101,
378,378529,-589442447,-1176291140,
379,379529,-576946163,-1687437981,
380,380529,-531105920,-2014251275,
381,381529,-304594307,-2135529084,
382,382529,-135861511,-2028121979,
383,383529,85832920,-1688609525,
384,384529,361229951,-1196506863,
385,385529,460627333,-595937197,
386,386529,621436614,26003615,
387,387529,645853670,559548876,
388,388529,521279473,964768967,
389,389529,466306232,1159149063,
390,390529,209546215,1115007609,
391,391529,-16626400,863920428,
392,392529,-188592774,406692822,
393,393529,-462652727,-169303164,
394,394529,-532246901,-781283439,
395,395529,-589518001,-1368970780,
396,396529,-602833539,-1817415512,
397,397529,-419192709,-2082275210,
398,398529,-287968197,-2131372889,
399,399529,-57056667,-1934314958,
400,400529,207264253,-1545555693,
401,401529,363218719,-1006492482,
402,402529,550962250,-384941469,
403,403529,627852017,210207838,
404,404529,603572506,714642421,
405,405529,537583441,1052552534,
406,406529,360966633,1165594336,
407,407529,146045925,1055966699,
408,408529,-74800927,727306524,
409,409529,-292784403,222235650,
410,410529,-480364160,-372881994,
411,411529,-573450546,-989318769,
412,412529,-597653415,-1537559453,
413,413529,-553713079,-1928920811,
414,414529,-378240227,-2127536050,
415,415529,-209871508,-2092757542,
416,416529,17541425,-1825134363,
417,417529,280185264,-1382271316,
418,418529,418901466,-803778906,
419,419529,592068271,-181042936,
420,420529,639796203,388447105,
421,421529,562658344,850334737,
422,422529,515250891,1114036571,
423,423529,279116063,1151116556,
424,424529,65895078,971125886,
425,425529,-122266293,570046884,
426,426529,-401179797,30442007,
427,427529,-491955528,-579183227,
428,428529,-588960273,-1189978581,
429,429529,-622209231,-1685415889,
430,430529,-461878990,-2021387846,
431,431529,-361465888,-2145808487,
432,432529,-127426840,-2023681199,
433,433529,131711261,-1700882591,
434,434529,288855072,-1200300451,
435,435529,519796230,-595001492,
436,436529,605120683,12546500,
437,437529,609432676,562096389,
438,438529,589589268,959736359,
439,439529,407416296,1148918967,
440,440529,226860848,1118988664,
441,441529,10302718,854451600,
442,442529,-241120439,402535772,
443,443529,-413796768,-168041485,
444,444529,-550961227,-792033897,
445,445529,-607492785,-1368920618,
446,446529,-567306010,-1819669248,
447,447529,-448497430,-2090777560,
448,448529,-276815052,-2130298106,
449,449529,-50714199,-1939394593,
450,450529,192380498,-1551309169,
451,451529,372495338,-1005367894,
452,452529,552234442,-391091442,
453,453529,625399883,205933220,
454,454529,596525933,715396279,
455,455529,552617712,1045769094,
456,456529,347127977,1163423396,
457,457529,146926099,1056089111,
458,458529,-54134882,719061967,
459,459529,-330041540,223065963,
460,460529,-449258468,-374596468,
461,461529,-575899992,-997330292,
462,462529,-629069639,-1533972998,
463,463529,-502415384,-1934904791,
464,464529,-423476649,-2132165081,
465,465529,-199091157,-2088429342,
466,466529,52092692,-1834918699,
467,467529,218231968,-1381663527,
468,468529,473286208,-803010762,
469,469529,574237173,-190780281,
470,470529,610396768,393702522,
471,471529,625228432,845128841,
472,472529,454205693,1108274331,
473,473529,303657116,1156792722,
474,474529,88994680,961993373,
475,475529,-177701188,570301828,
476,476529,-343451089,31963974,
477,477529,-521768013,-588301053,
478,478529,-602250478,-1185602285,
479,479529,-577190481,-1688804474,
480,480529,-510203130,-2026931909,
481,481529,-334753436,-2141616523,
482,482529,-123311376,-2029989666,
483,483529,103217893,-1702062543,
484,484529,322725604,-1198519978,
485,485529,500076357,-601454968,
486,486529,604692695,13491958,
487,487529,621382940,561568760,
488,488529,577003996,954808350,
489,489529,414496519,1150437371,
490,490529,225236126,1116976190,
491,491529,12249046,850446319,
492,492529,-249441746,404695597,
493,493529,-402823647,-171054601,
494,494529,-552972257,-795271496,
495,495529,-622158180,-1366182645,
496,496529,-539589482,-1824587139,
497,497529,-476247161,-2091649556,
498,498529,-267069630,-2127944758,
499,499529,-30368005,-1946312132,
500,500529,148245616,-1548684845,
501,501529,416156651,-1005852522,
502,502529,534810445,-397321272,
503,503529,604273024,211326583,
504,504529,648159494,710193090,
505,505529,497223872,1043428998,
506,506529,373862596,1168390309,
507,507529,165165624,1047903837,
508,508529,-107112910,721893281,
509,509529,-271282271,223644752,
510,510529,-482579653,-381747548,
511,511529,-586193962,-991233768,
512,512529,-581594341,-1538579940,
513,513529,-559114618,-1937738813,
514,514529,-388616788,-2127165392,
515,515529,-196456857,-2095525726,
516,516529,16744970,-1832891548,
517,517529,265308738,-1380650806,
518,518529,440336618,-809085233,
519,519529,577699588,-186601570,
520,520529,632540626,391181373,
521,521529,593768195,842197630,
522,522529,478287748,1111590451,
523,523529,296306154,1152752385,
524,524529,80652005,961625707,
525,525529,-163545891,572028647,
526,526529,-353887561,28126637,
527,527529,-516776965,-587727973,
528,528529,-605759402,-1184936353,
529,529529,-572250197,-1692290889,
530,530529,-515777815,-2025540905,
531,531529,-333571480,-2141755894,
532,532529,-113467993,-2033700671,
533,533529,81367965,-1699220826,
534,534529,346583748,-1200288908,
535,535529,489492071,-604332704,
536,536529,592033405,17424275,
537,537529,655090529,557002574,
538,538529,537500723,954893712,
539,539529,437042391,1153460783,
540,540529,235905049,1110632952,
541,541529,-28929232,854305388,
542,542529,-198974532,403988410,
543,543529,-435208825,-175880540,
544,544529,-557814981,-789344946,
545,545529,-580638566,-1371344293,
546,546529,-595649422,-1825103724,
547,547529,-436996873,-2087405862,
548,548529,-268451953,-2134879397,
549,549529,-66465777,-1942347465,
550,550529,201580508,-1548979263,
551,551529,374607321,-1010810422,
552,552529,542750226,-391716136,
553,553529,631473280,207091368,
554,554529,603799678,709327365,
555,555529,534151862,1047057350,
556,556529,361696579,1163086938,
557,557529,149894040,1050340124,
558,558529,-76537652,722290304,
559,559529,-298788067,219840405,
560,560529,-470586270,-378601767,
561,561529,-581958483,-992920828,
562,562529,-594844754,-1540243558,
563,563529,-545632875,-1935408836,
564,564529,-397026300,-2129429246,
565,565529,-192568022,-2096110999,
566,566529,13491063,-1831104377,
567,567529,268867802,-1383053105,
568,568529,440497161,-809134291,
569,569529,569085326,-184952844,
570,570529,649885199,388002130,
571,571529,573840981,843585925,
572,572529,489445978,1112411430,
573,573529,304194788,1148926520,
574,574529,53233993,965101719,
575,575529,-129009020,570402936,
576,576529,-376789738,25672608,
577,577529,-520131327,-583274386,
578,578529,-574452830,-1189641553,
579,579529,-617102166,-1691244608,
580,580529,-481714113,-2022860933,
581,581529,-336998101,-2147483648,
582,582529,-143847465,-2029137051,
583,583529,130168625,-1700672109,
584,584529,305166973,-1203664667,
585,585529,500831189,-598837823,
586,586529,617035761,12382012,
587,587529,608018077,557877705,
588,588529,580739709,957825208,
589,589529,419951028,1147931683,
590,590529,219505424,1114774754,
591,591529,10210640,853236021,
592,592529,-238536502,400934216,
593,593529,-415704577,-171499826,
594,594529,-550242988,-792902615,
595,595529,-607257935,-1371154047,
596,596529,-566080263,-1822830179,
597,597529,-454880270,-2090985049,
598,598529,-268049779,-2132938890,
599,599529,-54156857,-1942157789,
600,600529,186292787,-1551272117,
601,601529,385793444,-1008882241,
602,602529,537080028,-392393736,
603,603529,633737009,205696304,
604,604529,602842176,711050551,
605,605529,533034552,1046074912,
606,606529,368367975,1161858534,
607,607529,135756473,1052522465,
608,608529,-59163203,720385280,
609,609529,-309897453,219395643,
610,610529,-474719391,-376192280,
611,611529,-560482516,-996372579,
612,612529,-625558476,-1538510682,
613,613529,-521748629,-1934385926,
614,614529,-398925888,-2133306984,
615,615529,-216709556,-2092062396,
616,616529,52899043,-1833183116,
617,617529,234549866,-1384806716,
618,618529,450426062,-804753043,
619,619529,590669154,-189802332,
620,620529,607159543,389981755,
621,621529,614968944,845364831,
622,622529,471970066,1107552679,
623,623529,288806036,1153662715,
624,624529,93114678,962910543,
625,625529,-171923081,568466276,
626,626529,-353582340,30153789,
627,627529,-512539950,-587868663,
628,628529,-606789707,-1187903832,
629,629529,-578415588,-1689648253,
630,630529,-506785305,-2026890582,
631,631529,-336677174,-2143853159,
632,632529,-122327724,-2030554703,
633,633529,100659786,-1702294116,
634,634529,327160299,-1200671252,
635,635529,494914050,-601435445,
636,636529,607936702,12838566,
637,637529,624284556,559231728,
638,638529,566211858,955667520,
639,639529,428016935,1148993212,
640,640529,217253961,1115217806,
641,641529,9293647,851666600,
642,642529,-235414478,401956912,
643,643529,-422251766,-171231594,
644,644529,-539155353,-794611265,
645,645529,-621009970,-1369500262,
646,646529,-555859352,-1823190007,
647,647529,-453704135,-2092748849,
648,648529,-284201328,-2130212175,
649,649529,-28204724,-1944239806,
650,650529,163193537,-1551617909,
651,651529,392334652,-1006176546,
652,652529,553662732,-396197041,
653,653529,600057184,208037681,
654,654529,636604143,711621716,
655,655529,518001528,1042542610,
656,656529,355132948,1166178326,
657,657529,171599883,1049805298,
658,658529,-99210873,719626007,
659,659529,-287152205,223109356,
660,660529,-467699880,-380854684,
661,661529,-593389211,-993673225,
662,662529,-584578037,-1537871755,
663,663529,-549279727,-1938054322,
664,664529,-398499627,-2128973511,
665,665529,-191211368,-2094680949,
666,666529,16245223,-1833830094,
667,667529,262896669,-1381657328,
668,668529,443580305,-808498927,
669,669529,575215851,-187786973,
670,670529,634578718,390515512,
671,671529,590329706,842800573,
672,672529,482841052,1110223389,
673,673529,293823217,1152388566,
674,674529,78090028,962170508,
675,675529,-155586790,570224803,
676,676529,-364819579,28651167,
677,677529,-508387796,-587716127,
678,678529,-605356044,-1186951392,
679,679529,-583240783,-1690814667,
680,680529,-499305403,-2026732400,
681,681529,-346927002,-2142868013,
682,682529,-110838859,-2032013967,
683,683529,92337447,-1701723521,
684,684529,326684203,-1199723016,
685,685529,507356979,-603640034,
686,686529,586392219,14792363,
687,687529,645390816,558921920,
688,688529,557520507,953715897,
689,689529,417114026,1152136330,
690,690529,244758095,1112685042,
691,691529,-21889373,851805259,
692,692529,-217264437,404454904,
693,693529,-416162025,-175123618,
694,694529,-567955605,-791708555,
695,695529,-583896967,-1369697704,
696,696529,-581669703,-1825982987,
697,697529,-453214732,-2088623008,
698,698529,-258788642,-2133350020,
699,699529,-66093071,-1943995693,
700,700529,193457088,-1548942282,
701,701529,385199347,-1010210934,
702,702529,535080225,-393238085,
703,703529,633400056,207705214,
704,704529,716018846,677205529,
705,705529,1404521019,727728627,
706,706529,1880864525,159984929,
707,707529,701565589,-514858089,
708,708529,-763451857,-753927796,
709,709529,-1177084339,-807728360,
710,710529,-871576543,-1081415038,
711,711529,-661359431,-1549309877,
712,712529,-1359027260,-1793561247,
713,713529,-1926205130,-1542950251,
714,714529,-1418961289,-1108709759,
715,715529,-435790383,-792872332,
716,716529,402948845,-546545100,
717,717529,673693220,-265137906,
718,718529,625650471,120727663,
719,719529,928598080,508911987,
720,720529,1558119889,674718795,
721,721529,1849302952,567019553,
722,722529,1511581686,245412226,
723,723529,586168181,-121166689,
724,724529,-311636178,-323177639,
725,725529,-291863014,-548375406,
726,726529,-251279215,-1019761667,
727,727529,-885163525,-1519486953,
728,728529,-1688203229,-1733267422,
729,729529,-2147483648,-1507243670,
730,730529,-1283981616,-1158059389,
731,731529,-189952482,-1087554706,
732,732529,-197637566,-1001433724,
733,733529,-288775488,-558094404,
734,734529,79854658,91573876,
735,735529,1198713524,543156453,
736,736529,2147483647,509003191,
737,737529,1643800870,332309689,
738,738529,883573252,372727668,
739,739529,679138901,387844090,
740,740529,801161548,90942966,
741,741529,662991990,-497992248,
742,742529,-367014056,-1044241569,
743,743529,-1397586977,-1267218751,
744,744529,-1620064885,-1331181542,
745,745529,-1304879063,-1440429828,
746,746529,-1020181391,-1531096082,
747,747529,-1057047197,-1450584396,
748,748529,-1080826110,-1104940468,
749,749529,-597406859,-592482979,
750,750529,403417808,-147603915,
751,751529,1195680888,130639400,
752,752529,1428406449,288655748,
753,753529,1224469433,429658845,
754,754529,1047407108,593633023,
755,755529,1371889157,564140855,
756,756529,1386117288,196850655,
757,757529,686436061,-327395450,
758,758529,-360301013,-741074801,
759,759529,-1154663536,-922489571,
760,760529,-983952512,-1112038705,
761,761529,-860790547,-1472848361,
762,762529,-1318639927,-1714097909,
763,763529,-1683792331,-1590771430,
764,764529,-1552101575,-1150455612,
765,765529,-452295038,-727728414,
766,766529,485819341,-536583526,
767,767529,544346576,-296996532,
768,768529,632071503,136936966,
769,769529,965838584,556663481,
770,770529,1647860805,708621531,
771,771529,1942320246,496512090,
772,772529,1235565512,194607465,
773,773529,456829725,-2288686,
774,774529,25553430,-245649873,
775,775529,-163413737,-631097133,
776,776529,-431410161,-1105595356,
777,777529,-1110068104,-1488406125,
778,778529,-1740946295,-1586989742,
779,779529,-1722211945,-1474522169,
780,780529,-1175680872,-1315607960,
781,781529,-633031053,-1126661984,
782,782529,-266910110,-876086650,
783,783529,-128715778,-474874187,
784,784529,312428467,51731836,
785,785529,1242095237,422227785,
786,786529,1723338787,525717322,
787,787529,1664284533,468744605,
788,788529,1164436116,377921594,
789,789529,677667749,317534142,
790,790529,784025595,64059909,
791,791529,477028990,-464002927,
792,792529,-369942989,-980136592,
793,793529,-1204067530,-1285580610,
794,794529,-1680136075,-1364102410,
795,795529,-1306159316,-1413518163,
796,796529,-1020044294,-1529933017,
797,797529,-1150240356,-1457705504,
798,798529,-1050185574,-1085136945,
799,799529,-543512192,-568278702,
800,800529,470659873,-143398520,
801,801529,1189385565,83018300,
802,802529,1246757681,275797623,
803,803529,1195005320,507683868,
804,804529,1263340321,630572710,
805,805529,1448859147,506349439,
806,806529,1253410236,137840455,
807,807529,504787197,-295610855,
808,808529,-342900206,-638445298,
809,809529,-848746625,-920846830,
810,810529,-978256564,-1214014611,
811,811529,-1117826390,-1491996143,
812,812529,-1376934039,-1640504545,
813,813529,-1611556180,-1522419019,
814,814529,-1303724200,-1182757433,
815,815529,-487774490,-822427880,
816,816529,182711380,-511206215,
817,817529,622249087,-215854951,
818,818529,731358274,143451354,
819,819529,1041111593,524328028,
820,820529,1663601287,664667259,
821,821529,1707635538,521174792,
822,822529,1306054015,250934201,
823,823529,569485933,-22579617,
824,824529,-25665761,-257398373,
825,825529,-88275865,-627225630,
826,826529,-525249844,-1118877936,
827,827529,-1180903986,-1467561166,
828,828529,-1645226089,-1574637442,
829,829529,-1719307258,-1470964999,
830,830529,-1120601593,-1312230918,
831,831529,-643332124,-1167306976,
832,832529,-440858584,-872208734,
833,833529,-86587169,-412261931,
834,834529,481961501,55725217,
835,835529,1231215391,382019361,
836,836529,1658266474,493704361,
837,837529,1532156576,488332516,
838,838529,1170182028,453928657,
839,839529,939378447,309998197,
840,840529,736703835,-12413613,
841,841529,297687326,-467315372,
842,842529,-384181100,-932127518,
843,843529,-1180460517,-1239230380,
844,844529,-1474202934,-1385691039,
845,845529,-1346903115,-1484015365,
846,846529,-1241700516,-1511775512,
847,847529,-1087380144,-1401751565,
848,848529,-997166843,-1076284741,
849,849529,-451638982,-591672644,
850,850529,460254427,-181078384,
851,851529,1015197220,100778783,
852,852529,1305645859,314334092,
853,853529,1246222089,501781829,
854,854529,1286023418,622088030,
855,855529,1482521891,493062798,
856,856529,1141949036,134511865,
857,857529,497130726,-274811693,
858,858529,-296920275,-631307597,
859,859529,-824021342,-915823841,
860,860529,-921228949,-1225789333,
861,861529,-1192076835,-1519327488,
862,862529,-1470994625,-1621032989,
863,863529,-1546770088,-1487808668,
864,864529,-1219231221,-1184808596,
865,865529,-476170551,-848278407,
866,866529,126113233,-540264186,
867,867529,494537465,-189920149,
868,868529,800557055,196892339,
869,869529,1207778549,503255771,
870,870529,1587404362,621468840,
871,871529,1639720080,517615342,
872,872529,1246017499,279305628,
873,873529,596998767,22175719,
874,874529,175042450,-284490006,
875,875529,-196339529,-678243117,
876,876529,-639173477,-1096522410,
877,877529,-1130896459,-1439703331,
878,878529,-1659473796,-1559520165,
879,879529,-1577216333,-1485205150,
880,880529,-1166214856,-1353130426,
881,881529,-791801410,-1146354068,
882,882529,-356349739,-844620343,
883,883529,-87771716,-417729499,
884,884529,529259239,55392964,
885,885529,1263949996,360919671,
886,886529,1533629903,491189696,
887,887529,1546278254,513619253,
888,888529,1215913132,456121543,
889,889529,954495692,310420586,
890,890529,778729422,-23959754,
891,891529,229283937,-487790089,
892,892529,-457298081,-910361363,
893,893529,-1108591834,-1214565327,
894,894529,-1412400217,-1394605446,
895,895529,-1357505568,-1503177825,
896,896529,-1279793093,-1529739636,
897,897529,-1182887188,-1379900725,
898,898529,-931415123,-1039487596,
899,899529,-332318224,-611005310,
900,900529,392069830,-211386062,
901,901529,973500013,98402064,
902,902529,1248101141,337874985,
903,903529,1290525926,533119453,
904,904529,1424750576,597721883,
905,905529,1385902079,460801876,
906,906529,1090250158,147117256,
907,907529,494506630,-254752798,
908,908529,-284529228,-613277991,
909,909529,-697962751,-934857154,
910,910529,-1004814070,-1253728539,
911,911529,-1256945070,-1501840475,
912,912529,-1433100240,-1607034244,
913,913529,-1562193642,-1481208063,
914,914529,-1125571498,-1189986205,
915,915529,-505900957,-872449391,
916,916529,39354661,-532089253,
917,917529,531475275,-174693997,
918,918529,798451022,199436004,
919,919529,1256816226,506915261,
920,920529,1611755652,601218417,
921,921529,1549313576,508790999,
922,922529,1229562040,302672877,
923,923529,651771992,31283649,
924,924529,199196651,-288450771,
925,925529,-178217460,-693543889,
926,926529,-691366237,-1113442748,
927,927529,-1210325492,-1413199804,
928,928529,-1563703562,-1537950704,
929,929529,-1527932227,-1505478944,
930,930529,-1215372165,-1367353904,
931,931529,-796089796,-1153303813,
932,932529,-442827551,-825121533,
933,933529,-14095427,-390679261,
934,934529,627877798,28497688,
935,935529,1158933946,342202971,
936,936529,1536764002,501073787,
937,937529,1512975429,524458493,
938,938529,1234188403,475543934,
939,939529,1069806160,292053667,
940,940529,683834228,-46352189,
941,941529,201219533,-471952210,
942,942529,-439781993,-901500288,
943,943529,-1118572714,-1206710596,
944,944529,-1325714456,-1400617001,
945,945529,-1400360773,-1523957374,
946,946529,-1336400844,-1521737696,
947,947529,-1162480935,-1367398437,
948,948529,-926175951,-1035707368,
949,949529,-283306648,-611961064,
950,950529,389090421,-228678946,
951,951529,911830619,95598574,
952,952529,1237512633,355455055,
953,953529,1331051317,540178571,
954,954529,1453132372,593250750,
955,955529,1388877266,445744879,
956,956529,1041418222,139119591,
957,957529,450257234,-233105368,
958,958529,-210610123,-601965657,
959,959529,-674558408,-947747237,
960,960529,-1024535095,-1265842995,
961,961529,-1278386171,-1508306482,
962,962529,-1499174774,-1585969896,
963,963529,-1474651649,-1466847067,
964,964529,-1090890796,-1210971960,
965,965529,-564940498,-881134078,
966,966529,50533763,-531681569,
967,967529,467205902,-161262605,
968,968529,862740931,215516623,
969,969529,1319204947,485253028,
970,970529,1524623991,591528348,
971,971529,1568132628,517533686,
972,972529,1197934958,307411067,
973,973529,669205490,44941128,
974,974529,280054741,-300876247,
975,975529,-249876084,-709033125,
976,976529,-705463733,-1102423024,
977,977529,-1203336304,-1408400408,
978,978529,-1568422304,-1531143038,
979,979529,-1466827086,-1507293191,
980,980529,-1236316698,-1385954675,
981,981529,-850243495,-1149373348,
982,982529,-432579803,-811409617,
983,983529,10557455,-388848047,
984,984529,644992320,27484611,
985,985529,1172960558,327900331,
986,986529,1480294563,495827277,
987,987529,1487695105,545441755,
988,988529,1307218346,479239976,
989,989529,1062091696,282299684,
990,990529,685393280,-53681357,
991,991529,178740034,-479002526,
992,992529,-499194440,-882067316,
993,993529,-1026769524,-1197811009,
994,994529,-1322860436,-1418304307,
995,995529,-1435709238,-1528152045,
996,996529,-1326510680,-1523279970,
997,997529,-1224735822,-1354974956,
998,998529,-853084656,-1024337578,
999,999529,-256448239,-630034891,
1000,1000529,331242977,-234131894,
1001,1001529,928915520,99811771,
