1,0,26113,184
2,1000,157517,845
3,2000,266795,1387
4,3000,338612,1735
5,4000,362881,1838
6,5000,336173,1684
7,6000,262242,1293
8,7000,151489,720
9,8000,19469,46
10,9000,-115290,-633
11,10000,-233870,-1225
12,11000,-319601,-1644
13,12000,-360432,-1833
14,13000,-350640,-1764
15,14000,-291613,-1447
16,15000,-191636,-927
17,16000,-64733,-276
18,17000,71267,412
19,18000,197251,1043
20,19000,295523,1528
21,20000,352296,1798
22,21000,359599,1815
23,22000,316393,1578
24,23000,228741,1118
25,24000,108964,502
26,25000,-26105,-184
27,26000,-157507,-845
28,27000,-266798,-1387
29,28000,-338623,-1735
30,29000,-362880,-1838
31,30000,-336164,-1684
32,31000,-262243,-1293
33,32000,-151498,-720
34,33000,-19470,-46
35,34000,115299,633
36,35000,233873,1225
37,36000,319592,1644
38,37000,360425,1833
39,38000,350646,1763
40,39000,291622,1447
41,40000,191632,927
42,41000,64724,276
43,42000,-71267,-412
44,43000,-197243,-1043
45,44000,-295523,-1528
46,45000,-352304,-1798
47,46000,-359602,-1815
48,47000,-316387,-1578
49,48000,-228738,-1119
50,49000,-108971,-502
51,50000,26100,184
52,51000,157513,845
53,52000,266805,1387
54,53000,338619,1735
55,54000,362871,1838
56,55000,336165,1684
57,56000,262250,1293
58,57000,151499,720
59,58000,19464,46
60,59000,-115302,-633
61,60000,-233868,-1225
62,61000,-319588,-1644
63,62000,-360430,-1833
64,63000,-350651,-1764
65,64000,-291618,-1447
66,65000,-191626,-927
67,66000,-64726,-276
68,67000,71260,412
69,68000,197243,1043
70,69000,295529,1528
71,70000,352305,1798
72,71000,359596,1815
73,72000,316384,1578
74,73000,228742,1118
75,74000,108974,502
76,75000,-26103,-184
77,76000,-157517,-845
78,77000,-266803,-1387
79,78000,-338614,-1735
80,79000,-362873,-1838
81,80000,-336171,-1684
82,81000,-262250,-1293
83,82000,-151493,-720
84,83000,-19462,-46
85,84000,115297,633
86,85000,233865,1225
87,86000,319592,1644
88,87000,360433,1833
89,88000,350648,1763
90,89000,291614,1447
91,90000,191628,927
92,91000,64731,276
93,92000,-71261,-412
94,93000,-197248,-1043
95,94000,-295529,-1528
96,95000,-352301,-1798
97,96000,-359594,-1815
98,97000,-316388,-1578
99,98000,-228745,-1119
100,99000,-108971,-502
101,100000,26107,184
102,101000,157515,845
103,102000,266799,1387
104,103000,338616,1735
105,104000,362877,1838
106,105000,336170,1684
107,106000,262246,1293
108,107000,151493,720
109,108000,19466,46
110,109000,-115295,-633
111,110000,-233868,-1225
112,111000,-319594,-1644
113,112000,-360431,-1833
114,113000,-350645,-1763
115,114000,-291616,-1447
116,115000,-191631,-927
117,116000,-64730,-276
118,117000,71264,412
119,118000,197248,1043
120,119000,295526,1528
121,120000,352300,1798
122,121000,359597,1815
123,122000,316389,1578
124,123000,228742,1118
125,124000,108969,502
126,125000,-26104,-184
127,126000,-157512,-845
128,127000,-266801,-1387
129,128000,-338619,-1735
130,129000,-362876,-1838
131,130000,-336167,-1684
132,131000,-262246,-1293
133,132000,-151496,-720
134,133000,-19467,-46
135,134000,115298,633
136,135000,233869,1225
137,136000,319592,1644
138,137000,360429,1833
139,138000,350647,1763
140,139000,291618,1447
141,140000,191630,927
142,141000,64727,276
143,142000,-71264,-412
144,143000,-197245,-1043
145,144000,-295526,-1528
146,145000,-352302,-1798
147,146000,-359598,-1815
148,147000,-316387,-1578
149,148000,-228741,-1118
150,149000,-108971,-502
151,150000,26103,184
152,151000,157513,845
153,152000,266802,1387
154,153000,338618,1735
155,154000,362874,1838
156,155000,336167,1684
157,156000,262248,1293
158,157000,151496,720
159,158000,19465,46
160,159000,-115299,-633
161,160000,-233868,-1225
162,161000,-319591,-1644
163,162000,-360430,-1833
164,163000,-350649,-1763
165,164000,-291617,-1447
166,165000,-191629,-927
167,166000,-64728,-276
168,167000,71262,412
169,168000,197245,1043
170,169000,295528,1528
171,170000,352303,1798
172,171000,359597,1815
173,172000,316386,1578
174,173000,228742,1118
175,174000,108972,502
176,175000,-26104,-184
177,176000,-157515,-845
178,177000,-266802,-1387
179,178000,-338616,-1735
180,179000,-362874,-1838
181,180000,-336169,-1684
182,181000,-262248,-1293
183,182000,-151495,-720
184,183000,-19464,-46
185,184000,115297,633
186,185000,233867,1225
187,186000,319592,1644
188,187000,360431,1833
189,188000,350648,1763
190,189000,291616,1447
191,190000,191629,927
192,191000,64729,276
193,192000,-71262,-412
194,193000,-197247,-1043
195,194000,-295528,-1528
196,195000,-352302,-1798
197,196000,-359596,-1815
198,197000,-316388,-1578
199,198000,-228743,-1118
200,199000,-108971,-502
201,200000,26105,184
202,201000,157514,845
203,202000,266801,1387
204,203000,338617,1735
205,204000,362876,1838
206,205000,336169,1684
207,206000,262247,1293
208,207000,151494,720
209,208000,19465,46
210,209000,-115297,-633
211,210000,-233868,-1225
212,211000,-319593,-1644
213,212000,-360431,-1833
214,213000,-350647,-1763
215,214000,-291617,-1447
216,215000,-191630,-927
217,216000,-64729,-276
218,217000,71263,412
219,218000,197247,1043
220,219000,295527,1528
221,220000,352301,1798
222,221000,359597,1815
223,222000,316388,1578
224,223000,228742,1118
225,224000,108970,502
226,225000,-26104,-184
227,226000,-157513,-845
228,227000,-266801,-1387
229,228000,-338617,-1735
230,229000,-362875,-1838
231,230000,-336168,-1684
232,231000,-262247,-1293
233,232000,-151495,-720
234,233000,-19466,-46
235,234000,115298,633
236,235000,233868,1225
237,236000,319592,1644
238,237000,360430,1833
239,238000,350647,1763
240,239000,291617,1447
241,240000,191630,927
242,241000,64728,276
243,242000,-71263,-412
244,243000,-197246,-1043
245,244000,-295527,-1528
246,245000,-352302,-1798
247,246000,-359597,-1815
248,247000,-316387,-1578
249,248000,-228742,-1118
250,249000,-108971,-502
251,250000,26104,184
252,251000,157514,845
253,252000,266802,1387
254,253000,338617,1735
255,254000,362875,1838
256,255000,336168,1684
257,256000,262248,1293
258,257000,151495,720
259,258000,19465,46
260,259000,-115298,-633
261,260000,-233868,-1225
262,261000,-319592,-1644
263,262000,-360431,-1833
264,263000,-350648,-1763
265,264000,-291617,-1447
266,265000,-191629,-927
267,266000,-64728,-276
268,267000,71263,412
269,268000,197246,1043
270,269000,295527,1528
271,270000,352302,1798
272,271000,359597,1815
273,272000,316387,1578
274,273000,228742,1118
275,274000,108971,502
276,275000,-26104,-184
277,276000,-157514,-845
278,277000,-266801,-1387
279,278000,-338617,-1735
280,279000,-362875,-1838
281,280000,-336168,-1684
282,281000,-262248,-1293
283,282000,-151495,-720
284,283000,-19465,-46
285,284000,115297,633
286,285000,233868,1225
287,286000,319592,1644
288,287000,360431,1833
289,288000,350648,1763
290,289000,291617,1447
291,290000,191630,927
292,291000,64729,276
293,292000,-71263,-412
294,293000,-197246,-1043
295,294000,-295527,-1528
296,295000,-352302,-1798
297,296000,-359597,-1815
298,297000,-316387,-1578
299,298000,-228743,-1118
300,299000,-108971,-502
301,300000,26104,184
302,301000,157514,845
303,302000,266801,1387
304,303000,338617,1735
305,304000,362875,1838
306,305000,336168,1684
307,306000,262247,1293
308,307000,151495,720
309,308000,19465,46
310,309000,-115297,-633
311,310000,-233868,-1225
312,311000,-319592,-1644
313,312000,-360431,-1833
314,313000,-350647,-1763
315,314000,-291617,-1447
316,315000,-191630,-927
317,316000,-64729,-276
318,317000,71263,412
319,318000,197246,1043
320,319000,295527,1528
321,320000,352302,1798
322,321000,359597,1815
323,322000,316388,1578
324,323000,228742,1118
325,324000,108971,502
326,325000,-26104,-184
327,326000,-157514,-845
328,327000,-266801,-1387
329,328000,-338617,-1735
330,329000,-362875,-1838
331,330000,-336168,-1684
332,331000,-262247,-1293
333,332000,-151495,-720
334,333000,-19465,-46
335,334000,115298,633
336,335000,233868,1225
337,336000,319592,1644
338,337000,360430,1833
339,338000,350647,1763
340,339000,291617,1447
341,340000,191630,927
342,341000,64728,276
343,342000,-71263,-412
344,343000,-197246,-1043
345,344000,-295527,-1528
346,345000,-352302,-1798
347,346000,-359597,-1815
348,347000,-316387,-1578
349,348000,-228742,-1118
350,349000,-108971,-502
351,350000,26104,184
352,351000,157514,845
353,352000,266801,1387
354,353000,338617,1735
355,354000,362875,1838
356,355000,336168,1684
357,356000,262248,1293
358,357000,151495,720
359,358000,19465,46
360,359000,-115298,-633
361,360000,-233868,-1225
362,361000,-319592,-1644
363,362000,-360431,-1833
364,363000,-350648,-1763
365,364000,-291617,-1447
366,365000,-191630,-927
367,366000,-64728,-276
368,367000,71263,412
369,368000,197246,1043
370,369000,295527,1528
371,370000,352302,1798
372,371000,359597,1815
373,372000,316387,1578
374,373000,228742,1118
375,374000,108971,502
376,375000,-26104,-184
377,376000,-157514,-845
378,377000,-266801,-1387
379,378000,-338617,-1735
380,379000,-362875,-1838
381,380000,-336168,-1684
382,381000,-262248,-1293
383,382000,-151495,-720
384,383000,-19465,-46
385,384000,115297,633
386,385000,233868,1225
387,386000,319592,1644
388,387000,360431,1833
389,388000,350648,1763
390,389000,291617,1447
391,390000,191630,927
392,391000,64728,276
393,392000,-71263,-412
394,393000,-197246,-1043
395,394000,-295527,-1528
396,395000,-352302,-1798
397,396000,-359597,-1815
398,397000,-316387,-1578
399,398000,-228742,-1118
400,399000,-108971,-502
401,400000,26104,184
402,401000,157514,845
403,402000,266801,1387
404,403000,338617,1735
405,404000,362875,1838
406,405000,336168,1684
407,406000,262248,1293
408,407000,151495,720
409,408000,19465,46
410,409000,-115297,-633
411,410000,-233868,-1225
412,411000,-319592,-1644
413,412000,-360431,-1833
414,413000,-350647,-1763
415,414000,-291617,-1447
416,415000,-191630,-927
417,416000,-64728,-276
418,417000,71263,412
419,418000,197246,1043
420,419000,295527,1528
421,420000,352302,1798
422,421000,359597,1815
423,422000,316387,1578
424,423000,228742,1118
425,424000,108971,502
426,425000,-26104,-184
427,426000,-157514,-845
428,427000,-266801,-1387
429,428000,-338617,-1735
430,429000,-362875,-1838
431,430000,-336168,-1684
432,431000,-262248,-1293
433,432000,-151495,-720
434,433000,-19465,-46
435,434000,115297,633
436,435000,233868,1225
437,436000,319592,1644
438,437000,360431,1833
439,438000,350647,1763
440,439000,291617,1447
441,440000,191630,927
442,441000,64728,276
443,442000,-71263,-412
444,443000,-197246,-1043
445,444000,-295527,-1528
446,445000,-352302,-1798
447,446000,-359597,-1815
448,447000,-316387,-1578
449,448000,-228742,-1118
450,449000,-108971,-502
451,450000,26104,184
452,451000,157514,845
453,452000,266801,1387
454,453000,338617,1735
455,454000,362875,1838
456,455000,336168,1684
457,456000,262248,1293
458,457000,151495,720
459,458000,19465,46
460,459000,-115298,-633
461,460000,-233868,-1225
462,461000,-319592,-1644
463,462000,-360431,-1833
464,463000,-350648,-1763
465,464000,-291617,-1447
466,465000,-191630,-927
467,466000,-64728,-276
468,467000,71263,412
469,468000,197246,1043
470,469000,295527,1528
471,470000,352302,1798
472,471000,359597,1815
473,472000,316387,1578
474,473000,228742,1118
475,474000,108971,502
476,475000,-26104,-184
477,476000,-157514,-845
478,477000,-266801,-1387
479,478000,-338617,-1735
480,479000,-362875,-1838
481,480000,-336168,-1684
482,481000,-262248,-1293
483,482000,-151495,-720
484,483000,-19465,-46
485,484000,115297,633
486,485000,233868,1225
487,486000,319592,1644
488,487000,360431,1833
489,488000,350648,1763
490,489000,291617,1447
491,490000,191630,927
492,491000,64728,276
493,492000,-71263,-412
494,493000,-197246,-1043
495,494000,-295527,-1528
496,495000,-352302,-1798
497,496000,-359597,-1815
498,497000,-316387,-1578
499,498000,-228742,-1118
500,499000,-108971,-502
501,500000,26104,184
502,501000,32241,1149
503,502000,36580,2412
504,503000,50311,3797
505,504000,57650,5104
506,505000,58526,6133
507,506000,43407,6736
508,507000,26130,6799
509,508000,14182,6330
510,509000,-8308,5376
511,510000,-24814,4051
512,511000,-35225,2545
513,512000,-40253,1056
514,513000,-40129,-206
515,514000,-36185,-1091
516,515000,-18950,-1472
517,516000,-2261,-1292
518,517000,13885,-604
519,518000,31602,496
520,519000,44624,1847
521,520000,54612,3258
522,521000,53288,4516
523,522000,47727,5430
524,523000,38179,5884
525,524000,20519,5797
526,525000,2306,5172
527,526000,-16421,4094
528,527000,-29759,2710
529,528000,-40127,1212
530,529000,-46244,-208
531,530000,-40967,-1347
532,531000,-31342,-2047
533,532000,-17227,-2224
534,533000,-322,-1855
535,534000,18411,-998
536,535000,36089,228
537,536000,45626,1639
538,537000,51816,3030
539,538000,51998,4210
540,539000,43725,5003
541,540000,29931,5293
542,541000,12336,5033
543,542000,-4505,4261
544,543000,-22564,3081
545,544000,-37285,1646
546,545000,-44165,161
547,546000,-45639,-1167
548,547000,-40387,-2161
549,548000,-29620,-2684
550,549000,-12943,-2667
551,550000,5910,-2109
552,551000,22445,-1100
553,552000,37803,215
554,553000,48198,1655
555,554000,51844,3011
556,555000,48077,4088
557,556000,38017,4730
558,557000,24254,4849
559,558000,5849,4424
560,559000,-12980,3508
561,560000,-28854,2230
562,561000,-40617,767
563,562000,-46578,-677
564,563000,-46389,-1907
565,564000,-38153,-2749
566,565000,-24556,-3085
567,566000,-8232,-2875
568,567000,10267,-2149
569,568000,27683,-1011
570,569000,41477,377
571,570000,48939,1819
572,571000,50161,3106
573,572000,45317,4060
574,573000,33311,4544
575,574000,16964,4485
576,575000,-1199,3891
577,576000,-18851,2845
578,577000,-34021,1491
579,578000,-44586,16
580,579000,-47794,-1373
581,580000,-44436,-2483
582,581000,-35095,-3160
583,582000,-20341,-3312
584,583000,-2382,-2917
585,584000,16127,-2033
586,585000,31938,-786
587,586000,43829,646
588,587000,50061,2064
589,588000,48895,3265
590,589000,41047,4078
591,590000,27719,4388
592,591000,10896,4151
593,592000,-7675,3400
594,593000,-25209,2235
595,594000,-38524,822
596,595000,-46500,-642
597,596000,-48021,-1955
598,597000,-42631,-2932
599,598000,-30893,-3438
600,599000,-14685,-3401
601,600000,3274,-2830
602,601000,21191,-1805
603,602000,36409,-471
604,603000,46382,983
605,604000,49880,2352
606,605000,46578,3443
607,606000,37067,4102
608,607000,22143,4234
609,608000,4144,3821
610,609000,-14034,2919
611,610000,-30240,1655
612,611000,-42232,204
613,612000,-48239,-1229
614,613000,-47155,-2446
615,614000,-39398,-3275
616,615000,-26283,-3602
617,616000,-9203,-3381
618,617000,9335,-2643
619,618000,26543,-1494
620,619000,39996,-95
621,620000,47997,1355
622,621000,49489,2654
623,622000,43887,3618
624,623000,32174,4109
625,624000,16168,4060
626,625000,-2053,3476
627,626000,-20015,2439
628,627000,-35149,1092
629,628000,-45103,-373
630,629000,-48703,-1754
631,630000,-45549,-2857
632,631000,-35840,-3527
633,632000,-20976,-3670
634,633000,-3145,-3267
635,634000,15076,-2376
636,635000,31315,-1122
637,636000,43308,317
638,637000,49136,1742
639,638000,48103,2948
640,639000,40446,3768
641,640000,27182,4086
642,641000,10068,3855
643,642000,-8445,3109
644,643000,-25600,1950
645,644000,-39149,543
646,645000,-47238,-915
647,646000,-48605,-2222
648,647000,-43049,-3194
649,648000,-31423,-3694
650,649000,-15426,-3653
651,650000,2839,-3076
652,651000,20802,-2046
653,652000,35806,-707
654,653000,45803,751
655,654000,49451,2125
656,655000,46222,3221
657,656000,36474,3884
658,657000,21618,4020
659,658000,3841,3611
660,659000,-14461,2714
661,660000,-30748,1454
662,661000,-42671,7
663,662000,-48523,-1422
664,663000,-47540,-2635
665,664000,-39909,-3461
666,665000,-26600,-3784
667,666000,-9493,-3559
668,667000,8935,-2818
669,668000,26118,-1665
670,669000,39690,-263
671,670000,47744,1190
672,671000,49071,2492
673,672000,43523,3459
674,673000,31935,3954
675,674000,15879,3908
676,675000,-2412,3327
677,676000,-20340,2292
678,677000,-35350,949
679,678000,-45382,-514
680,679000,-49055,-1892
681,680000,-45791,-2992
682,681000,-36052,-3659
683,682000,-21248,-3800
684,683000,-3458,-3395
685,684000,14858,-2502
686,685000,31130,-1245
687,686000,43017,197
688,687000,48876,1623
689,688000,47917,2832
690,689000,40248,3655
691,690000,26923,3974
692,691000,9831,3746
693,692000,-8594,3001
694,693000,-25803,1845
695,694000,-39395,440
696,695000,-47423,-1017
697,696000,-48759,-2322
698,697000,-43241,-3292
699,698000,-31651,-3790
700,699000,-15585,-3747
701,700000,2699,-3168
702,701000,20599,-2136
703,702000,35616,-796
704,703000,45661,664
705,704000,49311,2040
706,705000,46034,3137
707,706000,36302,3801
708,707000,21504,3940
709,708000,3695,3532
710,709000,-14635,2636
711,710000,-30890,1377
712,711000,-42783,-67
713,712000,-48661,-1496
714,713000,-47705,-2707
715,714000,-40027,-3532
716,715000,-26707,-3853
717,716000,-9636,-3627
718,717000,8794,-2885
719,718000,26010,-1731
720,719000,39589,-328
721,720000,47607,1127
722,721000,48946,2430
723,722000,43434,3398
724,723000,31829,3894
725,724000,15754,3849
726,725000,-2520,3269
727,726000,-20423,2236
728,727000,-35452,893
729,728000,-45502,-568
730,729000,-49145,-1946
731,730000,-45871,-3045
732,731000,-36153,-3711
733,732000,-21353,-3851
734,733000,-3539,-3445
735,734000,14783,-2550
736,735000,31029,-1293
737,736000,42924,150
738,737000,48806,1577
739,738000,47840,2787
740,739000,40156,3610
741,740000,26841,3930
742,741000,9769,3703
743,742000,-8669,2959
744,743000,-25890,1804
745,744000,-39464,399
746,745000,-47484,-1056
747,746000,-48832,-2361
748,747000,-43319,-3330
749,748000,-31712,-3827
750,749000,-15641,-3784
751,750000,2626,-3205
752,751000,20530,-2172
753,752000,35561,-831
754,753000,45604,629
755,754000,49243,2006
756,755000,45972,3104
757,756000,36254,3769
758,757000,21448,3908
759,758000,3631,3501
760,759000,-14688,2605
761,760000,-30936,1347
762,761000,-42837,-97
763,762000,-48720,-1525
764,763000,-47752,-2736
765,764000,-40071,-3560
766,765000,-26760,-3881
767,766000,-9688,-3654
768,767000,8752,-2911
769,768000,25968,-1757
770,769000,39539,-353
771,770000,47560,1102
772,771000,48909,2405
773,772000,43392,3374
774,773000,31782,3870
775,774000,15713,3826
776,775000,-2555,3246
777,776000,-20463,2213
778,777000,-35496,871
779,778000,-45537,-590
780,779000,-49178,-1967
781,780000,-45910,-3066
782,781000,-36192,-3732
783,782000,-21385,-3871
784,783000,-3571,-3465
785,784000,14745,-2570
786,785000,30994,-1312
787,786000,42896,131
788,787000,48775,1558
789,788000,47806,2769
790,789000,40125,3592
791,790000,26814,3913
792,791000,9739,3685
793,792000,-8702,2942
794,793000,-25917,1787
795,794000,-39489,383
796,795000,-47513,-1073
797,796000,-48862,-2377
798,797000,-43344,-3346
799,798000,-31736,-3843
800,799000,-15669,-3799
801,800000,2599,-3220
802,801000,20508,-2187
803,802000,35538,-845
804,803000,45578,615
805,804000,49220,1992
806,805000,45951,3090
807,806000,36231,3755
808,807000,21424,3895
809,808000,3610,3488
810,809000,-14707,2593
811,810000,-30958,1335
812,811000,-42860,-109
813,812000,-48739,-1537
814,813000,-47770,-2748
815,814000,-40091,-3571
816,815000,-26780,-3892
817,816000,-9705,-3665
818,817000,8734,-2922
819,818000,25949,-1768
820,819000,39521,-364
821,820000,47544,1091
822,821000,48892,2395
823,822000,43374,3364
824,823000,31766,3861
825,824000,15698,3816
826,825000,-2572,3237
827,826000,-20480,2204
828,827000,-35510,862
829,828000,-45551,-599
830,829000,-49194,-1976
831,830000,-45926,-3074
832,831000,-36205,-3740
833,832000,-21399,-3879
834,833000,-3586,-3473
835,834000,14731,-2578
836,835000,30982,-1320
837,836000,42883,123
838,837000,48761,1551
839,838000,47793,2761
840,839000,40114,3585
841,840000,26802,3905
842,841000,9726,3678
843,842000,-8713,2935
844,843000,-25928,1780
845,844000,-39501,376
846,845000,-47524,-1079
847,846000,-48872,-2383
848,847000,-43354,-3352
849,848000,-31747,-3849
850,849000,-15680,-3805
851,850000,2590,-3226
852,851000,20498,-2193
853,852000,35528,-851
854,853000,45569,610
855,854000,49211,1986
856,855000,45942,3085
857,856000,36222,3750
858,857000,21415,3889
859,858000,3602,3483
860,859000,-14716,2588
861,860000,-30967,1329
862,861000,-42868,-114
863,862000,-48747,-1542
864,863000,-47779,-2753
865,864000,-40100,-3576
866,865000,-26787,-3897
867,866000,-9712,-3670
868,867000,8727,-2927
869,868000,25941,-1772
870,869000,39514,-368
871,870000,47537,1087
872,871000,48885,2391
873,872000,43367,3359
874,873000,31759,3856
875,874000,15692,3812
876,875000,-2578,3233
877,876000,-20486,2200
878,877000,-35516,858
879,878000,-45558,-603
880,879000,-49200,-1980
881,880000,-45931,-3078
882,881000,-36211,-3744
883,882000,-21405,-3883
884,883000,-3591,-3477
885,884000,14726,-2582
886,885000,30977,-1323
887,886000,42877,120
888,887000,48756,1548
889,888000,47788,2758
890,889000,40109,3582
891,890000,26796,3902
892,891000,9721,3675
893,892000,-8718,2932
894,893000,-25933,1777
895,894000,-39505,373
896,895000,-47529,-1082
897,896000,-48876,-2386
898,897000,-43359,-3355
899,898000,-31751,-3852
900,899000,-15684,-3807
901,900000,2586,-3228
902,901000,20494,-2195
903,902000,35524,-854
904,903000,45565,607
905,904000,49207,1984
906,905000,45938,3082
907,906000,36218,3748
908,907000,21411,3887
909,908000,3598,3481
910,909000,-14720,2585
911,910000,-30970,1327
912,911000,-42871,-116
913,912000,-48750,-1544
914,913000,-47782,-2755
915,914000,-40103,-3578
916,915000,-26791,-3899
917,916000,-9716,-3672
918,917000,8723,-2929
919,918000,25939,-1774
920,919000,39511,-370
921,920000,47534,1085
922,921000,48882,2389
923,922000,43364,3358
924,923000,31757,3855
925,924000,15689,3811
926,925000,-2581,3231
927,926000,-20489,2198
928,927000,-35519,856
929,928000,-45560,-604
930,929000,-49202,-1981
931,930000,-45934,-3079
932,931000,-36214,-3745
933,932000,-21407,-3884
934,933000,-3594,-3478
935,934000,14724,-2583
936,935000,30974,-1325
937,936000,42875,119
938,937000,48754,1546
939,938000,47786,2757
940,939000,40106,3580
941,940000,26794,3901
942,941000,9719,3674
943,942000,-8720,2931
944,943000,-25935,1776
945,944000,-39507,372
946,945000,-47531,-1083
947,946000,-48878,-2387
948,947000,-43361,-3356
949,948000,-31753,-3853
950,949000,-15686,-3809
951,950000,2584,-3229
952,951000,20492,-2196
953,952000,35522,-855
954,953000,45563,606
955,954000,49205,1983
956,955000,45937,3081
957,956000,36216,3747
958,957000,21410,3886
959,958000,3596,3480
960,959000,-14721,2585
961,960000,-30972,1326
962,961000,-42872,-117
963,962000,-48751,-1545
964,963000,-47783,-2755
965,964000,-40104,-3579
966,965000,-26792,-3900
967,966000,-9717,-3673
968,967000,8722,-2929
969,968000,25937,-1775
970,969000,39510,-371
971,970000,47533,1085
972,971000,48881,2389
973,972000,43363,3357
974,973000,31755,3854
975,974000,15688,3810
976,975000,-2582,3230
977,976000,-20490,2197
978,977000,-35520,856
979,978000,-45561,-605
980,979000,-49203,-1982
981,980000,-45935,-3080
982,981000,-36215,-3746
983,982000,-21408,-3885
984,983000,-3595,-3479
985,984000,14723,-2583
986,985000,30973,-1325
987,986000,42874,118
988,987000,48753,1546
989,988000,47785,2756
990,989000,40106,3580
991,990000,26794,3901
992,991000,9718,3674
993,992000,-8721,2930
994,993000,-25936,1776
995,994000,-39508,372
996,995000,-47531,-1084
997,996000,-48879,-2388
998,997000,-43362,-3356
999,998000,-31754,-3853
1000,999000,-15686,-3809
1001,1000000,2583,-3230
1002,1001000,20491,-2197
1003,1002000,35521,-855
1004,1003000,45562,606
1005,1004000,99428,1970
1006,1005000,344912,2144
1007,1006000,468947,1182
1008,1007000,134123,149
1009,1008000,-132137,-27
1010,1009000,-148314,-221
1011,1010000,-102441,-1183
1012,1011000,-255899,-1978
1013,1012000,-501494,-2064
1014,1013000,-452145,-1645
1015,1014000,-205471,-1187
1016,1015000,-52502,-1039
1017,1016000,-83714,-647
1018,1017000,-109326,377
1019,1018000,160760,1379
1020,1019000,470209,1601
1021,1020000,408937,1370
1022,1021000,213539,1613
1023,1022000,239586,1951
1024,1023000,351018,1311
1025,1024000,202653,145
1026,1025000,-146348,-458
1027,1026000,-261566,-630
1028,1027000,-169206,-1132
1029,1028000,-223451,-1903
1030,1029000,-408017,-2134
1031,1030000,-468092,-1644
1032,1031000,-268161,-1055
1033,1032000,-21489,-696
1034,1033000,26281,-310
1035,1034000,13031,477
1036,1035000,158191,1443
1037,1036000,400693,1839
1038,1037000,458649,1619
1039,1038000,282722,1483
1040,1039000,184792,1572
1041,1040000,248805,1211
1042,1041000,183686,177
1043,1042000,-101250,-729
1044,1043000,-320794,-1025
1045,1044000,-295392,-1263
1046,1045000,-230228,-1784
1047,1046000,-325463,-2072
1048,1047000,-414457,-1678
1049,1048000,-284268,-926
1050,1049000,-36484,-373
1051,1050000,102582,19
1052,1051000,111954,646
1053,1052000,182840,1466
1054,1053000,369120,1946
1055,1054000,457176,1800
1056,1055000,330038,1434
1057,1056000,164895,1255
1058,1057000,136689,944
1059,1058000,120984,110
1060,1059000,-73726,-858
1061,1060000,-320415,-1349
1062,1061000,-376927,-1468
1063,1062000,-291542,-1696
1064,1063000,-277759,-1918
1065,1064000,-334614,-1625
1066,1065000,-265966,-842
1067,1066000,-38935,-102
1068,1067000,149421,368
1069,1068000,194379,849
1070,1069000,220884,1499
1071,1070000,337570,1966
1072,1071000,434950,1878
1073,1072000,354939,1414
1074,1073000,164599,998
1075,1074000,55449,625
1076,1075000,25960,-48
1077,1076000,-88920,-952
1078,1077000,-297937,-1558
1079,1078000,-409446,-1679
1080,1079000,-346358,-1672
1081,1080000,-263645,-1713
1082,1081000,-260343,-1470
1083,1082000,-217471,-746
1084,1083000,-34114,103
1085,1084000,177946,685
1086,1085000,266003,1086
1087,1086000,268330,1547
1088,1087000,316700,1929
1089,1088000,390773,1874
1090,1089000,348143,1371
1091,1090000,169896,787
1092,1091000,4906,306
1093,1092000,-63741,-274
1094,1093000,-135419,-1048
1095,1094000,-286741,-1676
1096,1095000,-408540,-1837
1097,1096000,-378882,-1687
1098,1097000,-264259,-1519
1099,1098000,-196902,-1237
1100,1099000,-151311,-594
1101,1100000,-13495,267
1102,1101000,190395,945
1103,1102000,315060,1325
1104,1103000,320853,1616
1105,1104000,312533,1861
1106,1105000,340872,1797
1107,1106000,313300,1293
1108,1107000,161504,602
1109,1108000,-26272,7
1110,1109000,-135392,-533
1111,1110000,-193040,-1167
1112,1111000,-289185,-1736
1113,1112000,-392654,-1918
1114,1113000,-387222,-1701
1115,1114000,-267419,-1354
1116,1115000,-148947,-972
1117,1116000,-77290,-383
1118,1117000,27215,425
1119,1118000,199156,1143
1120,1119000,339324,1533
1121,1120000,362303,1697
1122,1121000,320824,1780
1123,1122000,297609,1660
1124,1123000,261874,1169
1125,1124000,135978,430
1126,1125000,-51013,-257
1127,1126000,-189468,-798
1128,1127000,-249638,-1308
1129,1128000,-302374,-1765
1130,1129000,-370402,-1929
1131,1130000,-373422,-1681
1132,1131000,-263663,-1208
1133,1132000,-114789,-707
1134,1133000,-8533,-130
1135,1134000,82685,597
1136,1135000,215580,1294
1137,1136000,346887,1692
1138,1137000,385035,1773
1139,1138000,330667,1698
1140,1139000,263330,1484
1141,1140000,204350,995
1142,1141000,95571,254
1143,1142000,-75798,-488
1144,1143000,-228340,-1044
1145,1144000,-298699,-1458
1146,1145000,-322329,-1782
1147,1146000,-348650,-1883
1148,1147000,-342842,-1613
1149,1148000,-245997,-1064
1150,1149000,-87321,-457
1151,1150000,48436,138
1152,1151000,142106,787
1153,1152000,241521,1415
1154,1153000,347576,1795
1155,1154000,389639,1823
1156,1155000,334005,1619
1157,1156000,235803,1288
1158,1157000,147225,780
1159,1158000,44271,63
1160,1159000,-104864,-689
1161,1160000,-255403,-1257
1162,1161000,-335205,-1600
1163,1162000,-343345,-1792
1164,1163000,-331025,-1799
1165,1164000,-303265,-1497
1166,1165000,-213642,-907
1167,1166000,-58839,-224
1168,1167000,94158,404
1169,1168000,197109,988
1170,1169000,273196,1520
1171,1170000,347037,1848
1172,1171000,380106,1833
1173,1172000,326515,1531
1174,1173000,211204,1088
1175,1174000,94746,538
1176,1175000,-12565,-147
1177,1176000,-140283,-872
1178,1177000,-275657,-1431
1179,1178000,-357625,-1721
1180,1179000,-359077,-1794
1181,1180000,-316769,-1688
1182,1181000,-261128,-1339
1183,1182000,-170126,-729
1184,1183000,-25188,-5
1185,1184000,132029,651
1186,1185000,243526,1188
1187,1186000,305572,1616
1188,1187000,347506,1861
1189,1188000,361128,1796
1190,1189000,306790,1426
1191,1190000,185124,888
1192,1191000,48283,286
1193,1192000,-69069,-374
1194,1193000,-180756,-1044
1195,1194000,-293599,-1566
1196,1195000,-367881,-1808
1197,1196000,-365380,-1781
1198,1197000,-302720,-1561
1199,1198000,-219780,-1149
1200,1199000,-120118,-527
1201,1200000,14558,206
1202,1201000,165495,874
1203,1202000,280016,1372
1204,1203000,334053,1702
1205,1204000,348784,1844
1206,1205000,337075,1717
1207,1206000,276173,1294
1208,1207000,154025,688
1209,1208000,6493,36
1210,1209000,-121013,-605
1211,1210000,-222711,-1209
1212,1211000,-311327,-1668
1213,1212000,-369285,-1855
1214,1213000,-360915,-1746
1215,1214000,-285571,-1421
1216,1215000,-180170,-938
1217,1216000,-67824,-305
1218,1217000,59273,415
1219,1218000,197242,1071
1220,1219000,307188,1531
1221,1220000,355177,1771
1222,1221000,348904,1805
1223,1222000,310887,1601
1224,1223000,237758,1134
1225,1224000,116525,483
1226,1225000,-33050,-204
1227,1226000,-166615,-832
1228,1227000,-262313,-1365
1229,1228000,-328682,-1743
1230,1229000,-364831,-1863
1231,1230000,-346363,-1683
1232,1231000,-262895,-1269
1233,1232000,-141747,-716
1234,1233000,-16441,-68
1235,1234000,106520,623
1236,1235000,228705,1244
1237,1236000,326831,1658
1238,1237000,367237,1817
1239,1238000,345262,1746
1240,1239000,283626,1457
1241,1240000,194872,946
1242,1241000,73291,271
1243,1242000,-72331,-433
1244,1243000,-205878,-1043
1245,1244000,-296637,-1508
1246,1245000,-344183,-1793
1247,1246000,-356527,-1834
1248,1247000,-323562,-1587
1249,1248000,-233533,-1103
1250,1249000,-103189,-489
1251,1250000,32190,172
1252,1251000,153378,829
1253,1252000,259830,1395
1254,1253000,340897,1752
1255,1254000,370213,1835
1256,1255000,335751,1666
1257,1256000,254980,1291
1258,1257000,150088,736
1259,1258000,26187,51
1260,1259000,-112277,-648
1261,1260000,-239688,-1234
1262,1261000,-323992,-1632
1263,1262000,-355858,-1821
1264,1263000,-345237,-1773
1265,1264000,-294742,-1460
1266,1265000,-197687,-921
1267,1266000,-63197,-262
1268,1267000,77531,410
1269,1268000,197300,1028
1270,1269000,289427,1526
1271,1270000,350730,1812
1272,1271000,365141,1821
1273,1272000,319284,1565
1274,1273000,224049,1110
1275,1274000,104977,512
1276,1275000,-22525,-174
1277,1276000,-152740,-852
1278,1277000,-269113,-1399
1279,1278000,-343851,-1731
1280,1279000,-361927,-1826
1281,1280000,-330839,-1685
1282,1281000,-261856,-1305
1283,1282000,-156594,-723
1284,1283000,-21115,-35
1285,1284000,119851,639
1286,1285000,236597,1215
1287,1286000,315828,1637
1288,1287000,356835,1840
1289,1288000,353422,1773
1290,1289000,295804,1441
1291,1290000,189961,916
1292,1291000,60230,279
1293,1292000,-70755,-401
1294,1293000,-192739,-1043
1295,1294000,-294905,-1538
1296,1295000,-356542,-1801
1297,1296000,-361256,-1806
1298,1297000,-312669,-1573
1299,1298000,-226207,-1127
1300,1299000,-111967,-509
1301,1300000,22890,190
1302,1301000,159636,853
1303,1302000,270457,1383
1304,1303000,337453,1726
1305,1304000,359023,1840
1306,1305000,336347,1693
1307,1306000,266044,1293
1308,1307000,152261,711
1309,1308000,15955,43
1310,1309000,-116916,-626
1311,1310000,-230850,-1220
1312,1311000,-317267,-1651
1313,1312000,-362795,-1839
1314,1313000,-353499,-1759
1315,1314000,-290020,-1440
1316,1315000,-188456,-929
1317,1316000,-65499,-284
1318,1317000,67979,413
1319,1318000,197184,1051
1320,1319000,298712,1529
1321,1320000,353152,1791
1322,1321000,356704,1812
1323,1322000,314842,1584
1324,1323000,231178,1123
1325,1324000,111081,497
1326,1325000,-27954,-189
1327,1326000,-160028,-841
1328,1327000,-265622,-1381
1329,1328000,-335875,-1737
1330,1329000,-363344,-1845
1331,1330000,-338956,-1684
1332,1331000,-262481,-1286
1333,1332000,-148836,-719
1334,1333000,-18579,-52
1335,1334000,112926,631
1336,1335000,232417,1230
1337,1336000,321544,1648
1338,1337000,362329,1829
1339,1338000,349217,1759
1340,1339000,289413,1449
1341,1340000,192478,932
1342,1341000,67086,275
1343,1342000,-71504,-418
1344,1343000,-199603,-1043
1345,1344000,-295875,-1522
1346,1345000,-350091,-1796
1347,1346000,-358710,-1820
1348,1347000,-318321,-1580
1349,1348000,-230086,-1114
1350,1349000,-107419,-499
1351,1350000,27798,181
1352,1351000,156422,841
1353,1352000,264880,1389
1354,1353000,339205,1739
1355,1354000,364893,1838
1356,1355000,336096,1679
1357,1356000,260264,1292
1358,1357000,151074,725
1359,1358000,21294,48
1360,1359000,-114434,-637
1361,1360000,-235436,-1227
1362,1361000,-320822,-1641
1363,1362000,-359207,-1829
1364,1363000,-349146,-1766
1365,1364000,-292437,-1450
1366,1365000,-193296,-925
1367,1366000,-64342,-272
1368,1367000,72982,411
1369,1368000,197297,1039
1370,1369000,293864,1527
1371,1370000,351841,1802
1372,1371000,361103,1817
1373,1372000,317210,1574
1374,1373000,227479,1116
1375,1374000,107857,505
1376,1375000,-25149,-181
1377,1376000,-156191,-847
1378,1377000,-267404,-1391
1379,1378000,-340055,-1734
1380,1379000,-362644,-1835
1381,1380000,-334709,-1684
1382,1381000,-262111,-1296
1383,1382000,-152882,-721
1384,1383000,-19942,-43
1385,1384000,116531,635
1386,1385000,234639,1222
1387,1386000,318581,1642
1388,1387000,359429,1835
1389,1388000,351385,1766
1390,1389000,292776,1445
1391,1390000,191199,924
1392,1391000,63493,277
1393,1392000,-71149,-409
1394,1393000,-196014,-1043
1395,1394000,-295333,-1531
1396,1395000,-353454,-1799
1397,1396000,-360072,-1813
1398,1397000,-315382,-1576
1399,1398000,-228030,-1121
1400,1399000,-109774,-504
1401,1400000,25211,185
1402,1401000,158075,847
1403,1402000,267810,1386
1404,1403000,338320,1732
1405,1404000,361818,1839
1406,1405000,336196,1686
1407,1406000,263284,1293
1408,1407000,151725,718
1409,1408000,18512,45
1410,1409000,-115758,-631
1411,1410000,-233053,-1224
1412,1411000,-318941,-1646
1413,1412000,-361063,-1834
1414,1413000,-351438,-1762
1415,1414000,-291197,-1445
1416,1415000,-190755,-927
1417,1416000,-64921,-278
1418,1417000,70363,412
1419,1418000,197211,1045
1420,1419000,296395,1528
1421,1420000,352551,1796
1422,1421000,358813,1814
1423,1422000,315950,1579
1424,1423000,229398,1120
1425,1424000,109560,501
1426,1425000,-26597,-185
1427,1426000,-158210,-844
1428,1427000,-266493,-1386
1429,1428000,-337863,-1735
1430,1429000,-362988,-1840
1431,1430000,-336931,-1684
1432,1431000,-262326,-1291
1433,1432000,-150771,-720
1434,1433000,-19209,-48
1435,1434000,114656,633
1436,1435000,233459,1226
1437,1436000,320116,1645
1438,1437000,360959,1832
1439,1438000,350268,1762
1440,1439000,291008,1447
1441,1440000,191849,928
1442,1441000,65376,276
1443,1442000,-71316,-413
1444,1443000,-197890,-1043
1445,1444000,-295635,-1526
1446,1445000,-351701,-1797
1447,1446000,-359343,-1817
1448,1447000,-316910,-1578
1449,1448000,-229119,-1117
1450,1449000,-108555,-501
1451,1450000,26575,183
1452,1451000,157225,844
1453,1452000,266271,1388
1454,1453000,338767,1736
1455,1454000,363429,1838
1456,1455000,336160,1683
1457,1456000,261706,1293
1458,1457000,151369,721
1459,1458000,19962,47
1460,1459000,-115052,-634
1461,1460000,-234291,-1226
1462,1461000,-319936,-1643
1463,1462000,-360104,-1832
1464,1463000,-350231,-1764
1465,1464000,-291832,-1448
1466,1465000,-192089,-926
1467,1466000,-64632,-275
1468,1467000,71734,412
1469,1468000,197269,1042
1470,1469000,295074,1528
1471,1470000,352167,1799
1472,1471000,360005,1816
1473,1472000,316620,1577
1474,1473000,228402,1118
1475,1474000,108660,503
1476,1475000,-25850,-183
1477,1476000,-157148,-845
1478,1477000,-266958,-1388
1479,1478000,-339013,-1734
1480,1479000,-362820,-1837
1481,1480000,-335769,-1684
1482,1481000,-262202,-1294
1483,1482000,-151873,-720
1484,1483000,-19603,-45
1485,1484000,115631,634
1486,1485000,234085,1224
1487,1486000,319321,1644
1488,1487000,360152,1833
1489,1488000,350843,1764
1490,1489000,291937,1446
1491,1490000,191518,926
1492,1491000,64389,276
1493,1492000,-71238,-411
1494,1493000,-196910,-1043
1495,1494000,-295467,-1529
1496,1495000,-352615,-1798
1497,1496000,-359733,-1815
1498,1497000,-316116,-1577
1499,1498000,-228543,-1119
1500,1499000,-109186,-503
1501,1500000,25856,184
1502,1501000,157662,846
1503,1502000,267080,1387
1504,1503000,338542,1734
1505,1504000,362585,1839
1506,1505000,336170,1685
1507,1506000,262530,1293
1508,1507000,151563,719
1509,1508000,19206,46
1510,1509000,-115428,-633
1511,1510000,-233648,-1224
1512,1511000,-319410,-1645
1513,1512000,-360599,-1833
1514,1513000,-350867,-1763
1515,1514000,-291507,-1446
1516,1515000,-191389,-927
1517,1516000,-64776,-277
1518,1517000,71016,412
1519,1518000,197232,1044
1520,1519000,295764,1528
1521,1520000,352375,1797
1522,1521000,359384,1815
1523,1522000,316264,1578
1524,1523000,228919,1119
1525,1524000,109135,502
1526,1525000,-26235,-184
1527,1526000,-157706,-845
1528,1527000,-266721,-1387
1529,1528000,-338410,-1735
1530,1529000,-362902,-1839
1531,1530000,-336377,-1684
1532,1531000,-262273,-1292
1533,1532000,-151298,-720
1534,1533000,-19391,-47
1535,1534000,115124,633
1536,1535000,233753,1225
1537,1536000,319733,1645
1538,1537000,360578,1832
1539,1538000,350547,1763
1540,1539000,291449,1447
1541,1540000,191686,927
1542,1541000,64906,276
1543,1542000,-71274,-412
1544,1543000,-197422,-1043
1545,1544000,-295560,-1527
1546,1545000,-352139,-1798
1547,1546000,-359524,-1816
1548,1547000,-316529,-1578
1549,1548000,-228848,-1118
1550,1549000,-108860,-502
1551,1550000,26235,184
1552,1551000,157438,845
1553,1552000,266655,1387
1554,1553000,338655,1735
1555,1554000,363027,1838
1556,1555000,336169,1684
1557,1556000,262100,1293
1558,1557000,151458,720
1559,1558000,19600,46
1560,1559000,-115228,-634
1561,1560000,-233982,-1225
1562,1561000,-319688,-1644
1563,1562000,-360343,-1832
1564,1563000,-350532,-1764
1565,1564000,-291673,-1447
1566,1565000,-191756,-926
1567,1566000,-64705,-276
1568,1567000,71392,412
1569,1568000,197255,1043
1570,1569000,295404,1528
1571,1570000,352263,1798
1572,1571000,359707,1815
1573,1572000,316453,1577
1574,1573000,228651,1118
1575,1574000,108884,502
1576,1575000,-26036,-184
1577,1576000,-157413,-845
1578,1577000,-266842,-1388
1579,1578000,-338726,-1735
1580,1579000,-362862,-1838
1581,1580000,-336059,-1684
1582,1581000,-262233,-1293
1583,1582000,-151598,-720
1584,1583000,-19505,-46
1585,1584000,115388,634
1586,1585000,233929,1225
1587,1586000,319519,1644
1588,1587000,360353,1833
1589,1588000,350699,1764
1590,1589000,291705,1447
1591,1590000,191601,926
1592,1591000,64635,276
1593,1592000,-71258,-412
1594,1593000,-197154,-1043
1595,1594000,-295509,-1528
1596,1595000,-352387,-1798
1597,1596000,-359636,-1815
1598,1597000,-316314,-1578
1599,1598000,-228686,-1119
1600,1599000,-109029,-502
1601,1600000,26035,184
1602,1601000,157553,845
1603,1602000,266878,1387
1604,1603000,338598,1735
1605,1604000,362796,1838
1606,1605000,336167,1684
1607,1606000,262325,1293
1608,1607000,151515,720
1609,1608000,19395,46
1610,1609000,-115335,-633
1611,1610000,-233809,-1225
1612,1611000,-319541,-1644
1613,1612000,-360476,-1833
1614,1613000,-350708,-1763
1615,1614000,-291588,-1447
1616,1615000,-191563,-927
1617,1616000,-64740,-276
1618,1617000,71195,412
1619,1618000,197241,1043
1620,1619000,295591,1528
1621,1620000,352323,1798
1622,1621000,359539,1815
1623,1622000,316353,1578
1624,1623000,228790,1119
1625,1624000,109017,502
1626,1625000,-26139,-184
1627,1626000,-157567,-845
1628,1627000,-266780,-1387
1629,1628000,-338560,-1735
1630,1629000,-362881,-1839
1631,1630000,-336225,-1684
1632,1631000,-262256,-1293
1633,1632000,-151441,-720
1634,1633000,-19444,-46
1635,1634000,115251,633
1636,1635000,233836,1225
1637,1636000,319630,1644
1638,1637000,360471,1832
1639,1638000,350621,1763
1640,1639000,291571,1447
1641,1640000,191644,927
1642,1641000,64777,276
1643,1642000,-71265,-412
1644,1643000,-197294,-1043
1645,1644000,-295537,-1528
1646,1645000,-352257,-1798
1647,1646000,-359576,-1815
1648,1647000,-316426,-1578
1649,1648000,-228772,-1118
1650,1649000,-108941,-502
1651,1650000,26140,184
1652,1651000,157494,845
1653,1652000,266761,1387
1654,1653000,338627,1735
1655,1654000,362917,1838
1656,1655000,336169,1684
1657,1656000,262207,1293
1658,1657000,151484,720
1659,1658000,19502,46
1660,1659000,-115278,-633
1661,1660000,-233899,-1225
1662,1661000,-319619,-1644
1663,1662000,-360407,-1833
1664,1663000,-350616,-1764
1665,1664000,-291632,-1447
1666,1665000,-191664,-927
1667,1666000,-64723,-276
1668,1667000,71298,412
1669,1668000,197249,1043
1670,1669000,295493,1528
1671,1670000,352290,1798
1672,1671000,359627,1815
1673,1672000,316406,1578
1674,1673000,228718,1118
1675,1674000,108947,502
1676,1675000,-26086,-184
1677,1676000,-157486,-845
1678,1677000,-266812,-1387
1679,1678000,-338647,-1735
1680,1679000,-362872,-1838
1681,1680000,-336138,-1684
1682,1681000,-262243,-1293
1683,1682000,-151523,-720
1684,1683000,-19477,-46
1685,1684000,115322,633
1686,1685000,233885,1225
1687,1686000,319573,1644
1688,1687000,360409,1833
1689,1688000,350661,1764
1690,1689000,291641,1447
1691,1690000,191622,927
1692,1691000,64703,276
1693,1692000,-71262,-412
1694,1693000,-197221,-1043
1695,1694000,-295522,-1528
1696,1695000,-352325,-1798
1697,1696000,-359608,-1815
1698,1697000,-316368,-1578
1699,1698000,-228727,-1119
1700,1699000,-108986,-502
1701,1700000,26085,184
1702,1701000,157524,845
1703,1702000,266822,1387
1704,1703000,338612,1735
1705,1704000,362853,1838
1706,1705000,336168,1684
1707,1706000,262269,1293
1708,1707000,151501,720
1709,1708000,19446,46
1710,1709000,-115308,-633
1711,1710000,-233852,-1225
1712,1711000,-319578,-1644
1713,1712000,-360443,-1833
1714,1713000,-350664,-1763
1715,1714000,-291609,-1447
1716,1715000,-191611,-927
1717,1716000,-64731,-276
1718,1717000,71244,412
1719,1718000,197244,1043
1720,1719000,295545,1528
1721,1720000,352308,1798
1722,1721000,359581,1815
1723,1722000,316378,1578
1724,1723000,228755,1119
1725,1724000,108984,502
1726,1725000,-26113,-184
1727,1726000,-157529,-845
1728,1727000,-266796,-1387
1729,1728000,-338601,-1735
1730,1729000,-362876,-1838
1731,1730000,-336184,-1684
1732,1731000,-262250,-1293
1733,1732000,-151480,-720
1734,1733000,-19459,-46
1735,1734000,115285,633
1736,1735000,233859,1225
1737,1736000,319602,1644
1738,1737000,360442,1833
1739,1738000,350640,1763
1740,1739000,291604,1447
1741,1740000,191633,927
1742,1741000,64742,276
1743,1742000,-71263,-412
1744,1743000,-197259,-1043
1745,1744000,-295530,-1528
1746,1745000,-352290,-1798
1747,1746000,-359591,-1815
1748,1747000,-316398,-1578
1749,1748000,-228751,-1118
1750,1749000,-108963,-502
1751,1750000,26114,184
1752,1751000,157509,845
1753,1752000,266790,1387
1754,1753000,338619,1735
1755,1754000,362886,1838
1756,1755000,336169,1684
1757,1756000,262237,1293
1758,1757000,151492,720
1759,1758000,19475,46
1760,1759000,-115292,-633
1761,1760000,-233876,-1225
1762,1761000,-319600,-1644
1763,1762000,-360424,-1833
1764,1763000,-350639,-1764
1765,1764000,-291621,-1447
1766,1765000,-191639,-927
1767,1766000,-64727,-276
1768,1767000,71272,412
1769,1768000,197247,1043
1770,1769000,295518,1528
1771,1770000,352299,1798
1772,1771000,359605,1815
1773,1772000,316393,1578
1774,1773000,228736,1118
1775,1774000,108964,502
1776,1775000,-26099,-184
1777,1776000,-157506,-845
1778,1777000,-266804,-1387
1779,1778000,-338625,-1735
1780,1779000,-362874,-1838
1781,1780000,-336160,-1684
1782,1781000,-262246,-1293
1783,1782000,-151502,-720
1784,1783000,-19468,-46
1785,1784000,115304,633
1786,1785000,233873,1225
1787,1786000,319587,1644
1788,1787000,360425,1833
1789,1788000,350651,1764
1790,1789000,291624,1447
1791,1790000,191628,927
1792,1791000,64721,276
1793,1792000,-71263,-412
1794,1793000,-197239,-1043
1795,1794000,-295525,-1528
1796,1795000,-352308,-1798
1797,1796000,-359600,-1815
1798,1797000,-316382,-1578
1799,1798000,-228738,-1119
1800,1799000,-108975,-502
1801,1800000,26099,184
1802,1801000,157517,845
1803,1802000,266807,1387
1804,1803000,338616,1735
1805,1804000,362869,1838
1806,1805000,336168,1684
1807,1806000,262253,1293
1808,1807000,151497,720
1809,1808000,19460,46
1810,1809000,-115300,-633
1811,1810000,-233864,-1225
1812,1811000,-319588,-1644
1813,1812000,-360434,-1833
1814,1813000,-350652,-1763
1815,1814000,-291615,-1447
1816,1815000,-191625,-927
1817,1816000,-64729,-276
1818,1817000,71258,412
1819,1818000,197246,1043
1820,1819000,295532,1528
1821,1820000,352304,1798
1822,1821000,359593,1815
1823,1822000,316385,1578
1824,1823000,228746,1119
1825,1824000,108974,502
1826,1825000,-26107,-184
1827,1826000,-157518,-845
1828,1827000,-266800,-1387
1829,1828000,-338613,-1735
1830,1829000,-362875,-1838
1831,1830000,-336173,-1684
1832,1831000,-262248,-1293
1833,1832000,-151491,-720
1834,1833000,-19463,-46
1835,1834000,115294,633
1836,1835000,233865,1225
1837,1836000,319595,1644
1838,1837000,360434,1833
1839,1838000,350646,1763
1840,1839000,291613,1447
1841,1840000,191631,927
1842,1841000,64732,276
1843,1842000,-71263,-412
1844,1843000,-197250,-1043
1845,1844000,-295528,-1528
1846,1845000,-352299,-1798
1847,1846000,-359595,-1815
1848,1847000,-316390,-1578
1849,1848000,-228745,-1118
1850,1849000,-108969,-502
1851,1850000,26107,184
1852,1851000,157513,845
1853,1852000,266798,1387
1854,1853000,338618,1735
1855,1854000,362878,1838
1856,1855000,336168,1684
1857,1856000,262245,1293
1858,1857000,151494,720
1859,1858000,19468,46
1860,1859000,-115296,-633
1861,1860000,-233870,-1225
1862,1861000,-319594,-1644
1863,1862000,-360429,-1833
1864,1863000,-350645,-1763
1865,1864000,-291618,-1447
1866,1865000,-191632,-927
1867,1866000,-64728,-276
1868,1867000,71265,412
1869,1868000,197247,1043
1870,1869000,295525,1528
1871,1870000,352301,1798
1872,1871000,359599,1815
1873,1872000,316389,1578
1874,1873000,228741,1118
1875,1874000,108969,502
1876,1875000,-26103,-184
1877,1876000,-157512,-845
1878,1877000,-266802,-1387
1879,1878000,-338619,-1735
1880,1879000,-362875,-1838
1881,1880000,-336166,-1684
1882,1881000,-262247,-1293
1883,1882000,-151497,-720
1884,1883000,-19466,-46
1885,1884000,115299,633
1886,1885000,233869,1225
1887,1886000,319591,1644
1888,1887000,360429,1833
1889,1888000,350648,1763
1890,1889000,291619,1447
1891,1890000,191629,927
1892,1891000,64727,276
1893,1892000,-71263,-412
1894,1893000,-197244,-1043
1895,1894000,-295527,-1528
1896,1895000,-352304,-1798
1897,1896000,-359598,-1815
1898,1897000,-316386,-1578
1899,1898000,-228741,-1118
1900,1899000,-108972,-502
1901,1900000,26103,184
1902,1901000,157515,845
1903,1902000,266803,1387
1904,1903000,338617,1735
1905,1904000,362873,1838
1906,1905000,336168,1684
1907,1906000,262249,1293
1908,1907000,151495,720
1909,1908000,19464,46
1910,1909000,-115298,-633
1911,1910000,-233867,-1225
1912,1911000,-319591,-1644
1913,1912000,-360431,-1833
1914,1913000,-350649,-1763
1915,1914000,-291616,-1447
1916,1915000,-191628,-927
1917,1916000,-64729,-276
1918,1917000,71261,412
1919,1918000,197246,1043
1920,1919000,295528,1528
1921,1920000,352302,1798
1922,1921000,359596,1815
1923,1922000,316387,1578
1924,1923000,228743,1118
1925,1924000,108972,502
1926,1925000,-26105,-184
1927,1926000,-157515,-845
1928,1927000,-266801,-1387
1929,1928000,-338616,-1735
1930,1929000,-362875,-1838
1931,1930000,-336169,-1684
1932,1931000,-262248,-1293
1933,1932000,-151494,-720
1934,1933000,-19465,-46
1935,1934000,115297,633
1936,1935000,233867,1225
1937,1936000,319593,1644
1938,1937000,360431,1833
1939,1938000,350647,1763
1940,1939000,291616,1447
1941,1940000,191630,927
1942,1941000,64729,276
1943,1942000,-71263,-412
1944,1943000,-197247,-1043
1945,1944000,-295527,-1528
1946,1945000,-352301,-1798
1947,1946000,-359596,-1815
1948,1947000,-316388,-1578
1949,1948000,-228743,-1118
1950,1949000,-108970,-502
1951,1950000,26105,184
1952,1951000,157514,845
1953,1952000,266800,1387
1954,1953000,338617,1735
1955,1954000,362876,1838
1956,1955000,336168,1684
1957,1956000,262247,1293
1958,1957000,151495,720
1959,1958000,19466,46
1960,1959000,-115297,-633
1961,1960000,-233868,-1225
1962,1961000,-319593,-1644
1963,1962000,-360430,-1833
1964,1963000,-350647,-1763
1965,1964000,-291617,-1447
1966,1965000,-191630,-927
1967,1966000,-64728,-276
1968,1967000,71263,412
1969,1968000,197246,1043
1970,1969000,295526,1528
1971,1970000,352302,1798
1972,1971000,359597,1815
1973,1972000,316388,1578
1974,1973000,228742,1118
1975,1974000,108970,502
1976,1975000,-26104,-184
1977,1976000,-157513,-845
1978,1977000,-266801,-1387
1979,1978000,-338618,-1735
1980,1979000,-362875,-1838
1981,1980000,-336168,-1684
1982,1981000,-262247,-1293
1983,1982000,-151495,-720
1984,1983000,-19465,-46
1985,1984000,115298,633
1986,1985000,233868,1225
1987,1986000,319592,1644
1988,1987000,360430,1833
1989,1988000,350648,1763
1990,1989000,291618,1447
1991,1990000,191630,927
1992,1991000,64728,276
1993,1992000,-71263,-412
1994,1993000,-197246,-1043
1995,1994000,-295527,-1528
1996,1995000,-352302,-1798
1997,1996000,-359597,-1815
1998,1997000,-316387,-1578
1999,1998000,-228742,-1118
2000,1999000,-108971,-502
2001,2000000,26104,184
