1,0,26115,184
2,1000,157519,845
3,2000,266798,1387
4,3000,338613,1735
5,4000,362880,1838
6,5000,336171,1684
7,6000,262240,1293
8,7000,151486,720
9,8000,19465,46
10,9000,-115293,-633
11,10000,-233872,-1225
12,11000,-319601,-1644
13,12000,-360432,-1833
14,13000,-350640,-1764
15,14000,-291612,-1447
16,15000,-191633,-927
17,16000,-64730,-276
18,17000,71269,412
19,18000,197253,1043
20,19000,295525,1528
21,20000,352297,1798
22,21000,359598,1815
23,22000,316391,1578
24,23000,228739,1118
25,24000,108962,502
26,25000,-26108,-184
27,26000,-157511,-845
28,27000,-266801,-1387
29,28000,-338623,-1735
30,29000,-362879,-1838
31,30000,-336164,-1684
32,31000,-262241,-1293
33,32000,-151494,-720
34,33000,-19467,-46
35,34000,115301,633
36,35000,233875,1225
37,36000,319593,1644
38,37000,360426,1833
39,38000,350646,1763
40,39000,291620,1447
41,40000,191629,927
42,41000,64721,276
43,42000,-71269,-412
44,43000,-197246,-1043
45,44000,-295525,-1528
46,45000,-352304,-1798
47,46000,-359600,-1815
48,47000,-316385,-1578
49,48000,-228736,-1119
50,49000,-108968,-502
51,50000,26103,184
52,51000,157515,845
53,52000,266807,1387
54,53000,338620,1735
55,54000,362871,1838
56,55000,336164,1684
57,56000,262248,1293
58,57000,151496,720
59,58000,19461,46
60,59000,-115304,-633
61,60000,-233870,-1225
62,61000,-319590,-1644
63,62000,-360430,-1833
64,63000,-350650,-1763
65,64000,-291616,-1447
66,65000,-191624,-927
67,66000,-64724,-276
68,67000,71263,412
69,68000,197246,1043
70,69000,295530,1528
71,70000,352305,1798
72,71000,359595,1815
73,72000,316382,1578
74,73000,228740,1118
75,74000,108971,502
76,75000,-26107,-184
77,76000,-157519,-845
78,77000,-266804,-1387
79,78000,-338616,-1735
80,79000,-362873,-1838
81,80000,-336169,-1684
82,81000,-262248,-1293
83,82000,-151491,-720
84,83000,-19460,-46
85,84000,115300,633
86,85000,233867,1225
87,86000,319593,1644
88,87000,360433,1833
89,88000,350647,1763
90,89000,291613,1447
91,90000,191626,927
92,91000,64727,276
93,92000,-71264,-412
94,93000,-197250,-1043
95,94000,-295531,-1528
96,95000,-352301,-1798
97,96000,-359594,-1815
98,97000,-316386,-1578
99,98000,-228742,-1118
100,99000,-108968,-502
101,100000,26109,184
102,101000,157517,845
103,102000,266801,1387
104,103000,338617,1735
105,104000,362876,1838
106,105000,336168,1684
107,106000,262244,1293
108,107000,151490,720
109,108000,19463,46
110,109000,-115298,-633
111,110000,-233870,-1225
112,111000,-319595,-1644
113,112000,-360431,-1833
114,113000,-350645,-1763
115,114000,-291614,-1447
116,115000,-191629,-927
117,116000,-64727,-276
118,117000,71267,412
119,118000,197250,1043
120,119000,295528,1528
121,120000,352301,1798
122,121000,359597,1815
123,122000,316387,1578
124,123000,228740,1118
125,124000,108966,502
126,125000,-26107,-184
127,126000,-157515,-845
128,127000,-266803,-1387
129,128000,-338619,-1735
130,129000,-362876,-1838
131,130000,-336166,-1684
132,131000,-262244,-1293
133,132000,-151493,-720
134,133000,-19463,-46
135,134000,115301,633
136,135000,233871,1225
137,136000,319593,1644
138,137000,360429,1833
139,138000,350646,1763
140,139000,291616,1447
141,140000,191628,927
142,141000,64724,276
143,142000,-71267,-412
144,143000,-197248,-1043
145,144000,-295528,-1528
146,145000,-352303,-1798
147,146000,-359597,-1815
148,147000,-316386,-1578
149,148000,-228739,-1118
150,149000,-108968,-502
151,150000,26106,184
152,151000,157516,845
153,152000,266804,1387
154,153000,338619,1735
155,154000,362874,1838
156,155000,336166,1684
157,156000,262246,1293
158,157000,151493,720
159,158000,19462,46
160,159000,-115301,-633
161,160000,-233870,-1225
162,161000,-319592,-1644
163,162000,-360431,-1833
164,163000,-350648,-1763
165,164000,-291615,-1447
166,165000,-191626,-927
167,166000,-64725,-276
168,167000,71265,412
169,168000,197248,1043
170,169000,295529,1528
171,170000,352303,1798
172,171000,359596,1815
173,172000,316385,1578
174,173000,228740,1118
175,174000,108969,502
176,175000,-26107,-184
177,176000,-157517,-845
178,177000,-266804,-1387
179,178000,-338617,-1735
180,179000,-362874,-1838
181,180000,-336167,-1684
182,181000,-262246,-1293
183,182000,-151492,-720
184,183000,-19461,-46
185,184000,115300,633
186,185000,233869,1225
187,186000,319593,1644
188,187000,360431,1833
189,188000,350647,1763
190,189000,291614,1447
191,190000,191627,927
192,191000,64726,276
193,192000,-71265,-412
194,193000,-197249,-1043
195,194000,-295529,-1528
196,195000,-352302,-1798
197,196000,-359596,-1815
198,197000,-316386,-1578
199,198000,-228740,-1118
200,199000,-108968,-502
201,200000,26108,184
202,201000,157517,845
203,202000,266803,1387
204,203000,338618,1735
205,204000,362875,1838
206,205000,336167,1684
207,206000,262245,1293
208,207000,151492,720
209,208000,19462,46
210,209000,-115300,-633
211,210000,-233870,-1225
212,211000,-319594,-1644
213,212000,-360431,-1833
214,213000,-350646,-1763
215,214000,-291615,-1447
216,215000,-191627,-927
217,216000,-64726,-276
218,217000,71266,412
219,218000,197249,1043
220,219000,295528,1528
221,220000,352302,1798
222,221000,359596,1815
223,222000,316386,1578
224,223000,228740,1118
225,224000,108968,502
226,225000,-26107,-184
227,226000,-157516,-845
228,227000,-266803,-1387
229,228000,-338618,-1735
230,229000,-362875,-1838
231,230000,-336167,-1684
232,231000,-262245,-1293
233,232000,-151492,-720
234,233000,-19462,-46
235,234000,115300,633
236,235000,233870,1225
237,236000,319593,1644
238,237000,360430,1833
239,238000,350646,1763
240,239000,291615,1447
241,240000,191627,927
242,241000,64725,276
243,242000,-71266,-412
244,243000,-197248,-1043
245,244000,-295528,-1528
246,245000,-352303,-1798
247,246000,-359597,-1815
248,247000,-316386,-1578
249,248000,-228740,-1118
250,249000,-108968,-502
251,250000,26107,184
252,251000,157516,845
253,252000,266803,1387
254,253000,338618,1735
255,254000,362875,1838
256,255000,336167,1684
257,256000,262245,1293
258,257000,151492,720
259,258000,19462,46
260,259000,-115301,-633
261,260000,-233870,-1225
262,261000,-319593,-1644
263,262000,-360431,-1833
264,263000,-350647,-1763
265,264000,-291615,-1447
266,265000,-191627,-927
267,266000,-64725,-276
268,267000,71266,412
269,268000,197248,1043
270,269000,295529,1528
271,270000,352303,1798
272,271000,359596,1815
273,272000,316386,1578
274,273000,228740,1118
275,274000,108968,502
276,275000,-26107,-184
277,276000,-157517,-845
278,277000,-266803,-1387
279,278000,-338618,-1735
280,279000,-362875,-1838
281,280000,-336167,-1684
282,281000,-262246,-1293
283,282000,-151492,-720
284,283000,-19462,-46
285,284000,115300,633
286,285000,233870,1225
287,286000,319593,1644
288,287000,360431,1833
289,288000,350647,1763
290,289000,291615,1447
291,290000,191627,927
292,291000,64726,276
293,292000,-71266,-412
294,293000,-197249,-1043
295,294000,-295529,-1528
296,295000,-352302,-1798
297,296000,-359596,-1815
298,297000,-316386,-1578
299,298000,-228740,-1118
300,299000,-108968,-502
301,300000,26107,184
302,301000,157517,845
303,302000,266803,1387
304,303000,338618,1735
305,304000,362875,1838
306,305000,336167,1684
307,306000,262245,1293
308,307000,151492,720
309,308000,19462,46
310,309000,-115300,-633
311,310000,-233870,-1225
312,311000,-319594,-1644
313,312000,-360431,-1833
314,313000,-350646,-1763
315,314000,-291615,-1447
316,315000,-191627,-927
317,316000,-64726,-276
318,317000,71266,412
319,318000,197249,1043
320,319000,295529,1528
321,320000,352302,1798
322,321000,359596,1815
323,322000,316386,1578
324,323000,228740,1118
325,324000,108968,502
326,325000,-26107,-184
327,326000,-157516,-845
328,327000,-266803,-1387
329,328000,-338618,-1735
330,329000,-362875,-1838
331,330000,-336167,-1684
332,331000,-262245,-1293
333,332000,-151492,-720
334,333000,-19462,-46
335,334000,115300,633
336,335000,233870,1225
337,336000,319593,1644
338,337000,360431,1833
339,338000,350647,1763
340,339000,291615,1447
341,340000,191627,927
342,341000,64725,276
343,342000,-71266,-412
344,343000,-197249,-1043
345,344000,-295529,-1528
346,345000,-352302,-1798
347,346000,-359596,-1815
348,347000,-316386,-1578
349,348000,-228740,-1118
350,349000,-108968,-502
351,350000,26107,184
352,351000,157517,845
353,352000,266803,1387
354,353000,338618,1735
355,354000,362875,1838
356,355000,336167,1684
357,356000,262245,1293
358,357000,151492,720
359,358000,19462,46
360,359000,-115300,-633
361,360000,-233870,-1225
362,361000,-319593,-1644
363,362000,-360431,-1833
364,363000,-350647,-1763
365,364000,-291615,-1447
366,365000,-191627,-927
367,366000,-64725,-276
368,367000,71266,412
369,368000,197249,1043
370,369000,295529,1528
371,370000,352302,1798
372,371000,359596,1815
373,372000,316386,1578
374,373000,228740,1118
375,374000,108968,502
376,375000,-26107,-184
377,376000,-157517,-845
378,377000,-266803,-1387
379,378000,-338618,-1735
380,379000,-362875,-1838
381,380000,-336167,-1684
382,381000,-262245,-1293
383,382000,-151492,-720
384,383000,-19462,-46
385,384000,115300,633
386,385000,233870,1225
387,386000,319593,1644
388,387000,360431,1833
389,388000,350647,1763
390,389000,291615,1447
391,390000,191627,927
392,391000,64725,276
393,392000,-71266,-412
394,393000,-197249,-1043
395,394000,-295529,-1528
396,395000,-352302,-1798
397,396000,-359596,-1815
398,397000,-316386,-1578
399,398000,-228740,-1118
400,399000,-108968,-502
401,400000,26107,184
402,401000,157517,845
403,402000,266803,1387
404,403000,338618,1735
405,404000,362875,1838
406,405000,336167,1684
407,406000,262245,1293
408,407000,151492,720
409,408000,19462,46
410,409000,-115300,-633
411,410000,-233870,-1225
412,411000,-319593,-1644
413,412000,-360431,-1833
414,413000,-350646,-1763
415,414000,-291615,-1447
416,415000,-191627,-927
417,416000,-64725,-276
418,417000,71266,412
419,418000,197249,1043
420,419000,295529,1528
421,420000,352302,1798
422,421000,359596,1815
423,422000,316386,1578
424,423000,228740,1118
425,424000,108968,502
426,425000,-26107,-184
427,426000,-157517,-845
428,427000,-266803,-1387
429,428000,-338618,-1735
430,429000,-362875,-1838
431,430000,-336167,-1684
432,431000,-262245,-1293
433,432000,-151492,-720
434,433000,-19462,-46
435,434000,115300,633
436,435000,233870,1225
437,436000,319593,1644
438,437000,360431,1833
439,438000,350647,1763
440,439000,291615,1447
441,440000,191627,927
442,441000,64725,276
443,442000,-71266,-412
444,443000,-197249,-1043
445,444000,-295529,-1528
446,445000,-352302,-1798
447,446000,-359596,-1815
448,447000,-316386,-1578
449,448000,-228740,-1118
450,449000,-108968,-502
451,450000,26107,184
452,451000,157517,845
453,452000,266803,1387
454,453000,338618,1735
455,454000,362875,1838
456,455000,336167,1684
457,456000,262245,1293
458,457000,151492,720
459,458000,19462,46
460,459000,-115300,-633
461,460000,-233870,-1225
462,461000,-319593,-1644
463,462000,-360431,-1833
464,463000,-350647,-1763
465,464000,-291615,-1447
466,465000,-191627,-927
467,466000,-64725,-276
468,467000,71266,412
469,468000,197249,1043
470,469000,295529,1528
471,470000,352302,1798
472,471000,359596,1815
473,472000,316386,1578
474,473000,228740,1118
475,474000,108968,502
476,475000,-26107,-184
477,476000,-157517,-845
478,477000,-266803,-1387
479,478000,-338618,-1735
480,479000,-362875,-1838
481,480000,-336167,-1684
482,481000,-262245,-1293
483,482000,-151492,-720
484,483000,-19462,-46
485,484000,115300,633
486,485000,233870,1225
487,486000,319593,1644
488,487000,360431,1833
489,488000,350647,1763
490,489000,291615,1447
491,490000,191627,927
492,491000,64725,276
493,492000,-71266,-412
494,493000,-197249,-1043
495,494000,-295529,-1528
496,495000,-352302,-1798
497,496000,-359596,-1815
498,497000,-316386,-1578
499,498000,-228740,-1118
500,499000,-108968,-502
501,500000,26107,184
502,501000,-194830,1472
503,502000,60360,2788
504,503000,87844,4139
505,504000,27587,5065
506,505000,240284,5639
507,506000,113239,5704
508,507000,164877,5189
509,508000,165727,4295
510,509000,35760,3014
511,510000,62211,1594
512,511000,-51455,234
513,512000,-105200,-932
514,513000,-115598,-1677
515,514000,-185867,-1948
516,515000,-151336,-1696
517,516000,-141983,-940
518,517000,-109922,173
519,518000,-31361,1519
520,519000,9182,2888
521,520000,81154,4083
522,521000,130525,4948
523,522000,152282,5341
524,523000,173357,5215
525,524000,150077,4584
526,525000,116787,3527
527,526000,67669,2199
528,527000,345,777
529,528000,-55857,-539
530,529000,-112190,-1566
531,530000,-150373,-2167
532,531000,-164416,-2254
533,532000,-160869,-1822
534,533000,-129585,-932
535,534000,-82577,288
536,535000,-24312,1664
537,536000,39882,3001
538,537000,95626,4108
539,538000,139975,4828
540,539000,164313,5057
541,540000,164745,4760
542,541000,143566,3977
543,542000,101004,2816
544,543000,44915,1437
545,544000,-17230,33
546,545000,-77590,-1202
547,546000,-126257,-2097
548,547000,-157598,-2528
549,548000,-166668,-2437
550,549000,-152013,-1838
551,550000,-116362,-817
552,551000,-63996,478
553,552000,-2700,1867
554,553000,58961,3150
555,554000,112568,4147
556,555000,150219,4714
557,556000,166951,4771
558,557000,160287,4307
559,558000,131072,3386
560,559000,83590,2136
561,560000,24350,730
562,561000,-38221,-636
563,562000,-95362,-1772
564,563000,-139124,-2521
565,564000,-163251,-2778
566,565000,-164419,-2509
567,566000,-142447,-1754
568,567000,-100414,-621
569,568000,-44264,730
570,569000,18172,2108
571,570000,78103,3317
572,571000,127091,4186
573,572000,158275,4591
574,573000,167267,4475
575,574000,152825,3850
576,575000,116957,2805
577,576000,64683,1484
578,577000,3372,71
579,578000,-58364,-1235
580,579000,-111863,-2255
581,580000,-149621,-2846
582,581000,-166335,-2926
583,582000,-159640,-2485
584,583000,-130483,-1587
585,584000,-82970,-358
586,585000,-23773,1025
587,586000,38799,2370
588,587000,95968,3485
589,588000,139690,4212
590,589000,163817,4449
591,590000,164970,4160
592,591000,142996,3384
593,592000,100975,2231
594,593000,44796,859
595,594000,-17647,-537
596,595000,-77573,-1766
597,596000,-126568,-2654
598,597000,-157760,-3078
599,598000,-166772,-2980
600,599000,-152327,-2375
601,600000,-116451,-1348
602,601000,-64193,-45
603,602000,-2897,1349
604,603000,58833,2639
605,604000,112336,3642
606,605000,150094,4216
607,606000,166791,4279
608,607000,160086,3821
609,608000,130929,2906
610,609000,83417,1662
611,610000,24211,261
612,611000,-38375,-1098
613,612000,-95545,-2229
614,613000,-139263,-2972
615,614000,-163398,-3224
616,615000,-164566,-2950
617,616000,-142598,-2189
618,617000,-100571,-1050
619,618000,-44394,306
620,619000,18035,1689
621,620000,77952,2903
622,621000,126948,3777
623,622000,158141,4188
624,623000,167144,4076
625,624000,152689,3457
626,625000,116811,2416
627,626000,64555,1100
628,627000,3254,-307
629,628000,-58488,-1610
630,629000,-111997,-2625
631,630000,-149751,-3211
632,631000,-166449,-3287
633,632000,-159755,-2841
634,633000,-130608,-1939
635,634000,-83094,-706
636,635000,-23886,682
637,636000,38693,2031
638,637000,95852,3150
639,638000,139568,3882
640,639000,163706,4122
641,640000,164870,3837
642,641000,142891,3066
643,642000,100861,1916
644,643000,44686,548
645,644000,-17745,-844
646,645000,-77670,-2069
647,646000,-126674,-2954
648,647000,-157867,-3374
649,648000,-166868,-3272
650,649000,-152418,-2663
651,650000,-116550,-1633
652,651000,-64296,-326
653,652000,-2992,1071
654,653000,58747,2365
655,654000,112247,3371
656,655000,149996,3948
657,656000,166697,4014
658,657000,160003,3560
659,658000,130848,2648
660,659000,83327,1407
661,660000,24119,10
662,661000,-38457,-1347
663,662000,-95621,-2475
664,663000,-139346,-3215
665,664000,-163485,-3463
666,665000,-164647,-3186
667,666000,-142671,-2423
668,667000,-100647,-1281
669,668000,-44477,78
670,669000,17955,1464
671,670000,77881,2681
672,671000,126878,3558
673,672000,158065,3971
674,673000,167066,3862
675,674000,152618,3245
676,675000,116746,2207
677,676000,64485,894
678,677000,3180,-511
679,678000,-58558,-1811
680,679000,-112060,-2824
681,680000,-149815,-3408
682,681000,-166519,-3481
683,682000,-159824,-3033
684,683000,-130669,-2128
685,684000,-83153,-893
686,685000,-23950,497
687,686000,38626,1848
688,687000,95792,2970
689,688000,139513,3704
690,689000,163647,3946
691,690000,164807,3663
692,691000,142832,2894
693,692000,100807,1746
694,693000,44631,381
695,694000,-17804,-1009
696,695000,-77729,-2232
697,696000,-126726,-3115
698,697000,-157917,-3533
699,698000,-166922,-3430
700,699000,-152474,-2818
701,700000,-116601,-1786
702,701000,-64343,-478
703,702000,-3042,922
704,703000,58693,2217
705,704000,112197,3225
706,705000,149951,3804
707,706000,166651,3872
708,707000,159952,3419
709,708000,130798,2510
710,709000,83283,1270
711,710000,24077,-125
712,711000,-38504,-1481
713,712000,-95670,-2607
714,713000,-139390,-3345
715,714000,-163526,-3592
716,715000,-164690,-3313
717,716000,-142717,-2549
718,717000,-100691,-1405
719,718000,-44515,-44
720,719000,17916,1342
721,720000,77838,2561
722,721000,126836,3440
723,722000,158027,3854
724,723000,167030,3746
725,724000,152579,3131
726,725000,116705,2095
727,726000,64448,783
728,727000,3145,-620
729,728000,-58594,-1919
730,729000,-112098,-2931
731,730000,-149852,-3513
732,731000,-166552,-3585
733,732000,-159857,-3136
734,733000,-130705,-2230
735,734000,-83189,-993
736,735000,-23983,398
737,736000,38596,1750
738,737000,95759,2873
739,738000,139478,3608
740,739000,163615,3852
741,740000,164777,3570
742,741000,142802,2802
743,742000,100774,1655
744,743000,44600,291
745,744000,-17832,-1098
746,745000,-77757,-2320
747,746000,-126756,-3201
748,747000,-157948,-3619
749,748000,-166950,-3514
750,749000,-152501,-2902
751,750000,-116629,-1868
752,751000,-64373,-559
753,752000,-3070,841
754,753000,58668,2138
755,754000,112171,3147
756,755000,149923,3726
757,756000,166624,3795
758,757000,159928,3344
759,758000,130774,2435
760,759000,83257,1196
761,760000,24050,-198
762,761000,-38528,-1553
763,762000,-95692,-2678
764,763000,-139414,-3415
765,764000,-163551,-3661
766,765000,-164713,-3382
767,766000,-142738,-2616
768,767000,-100713,-1472
769,768000,-44539,-110
770,769000,17893,1277
771,770000,77818,2497
772,771000,126816,3376
773,772000,158005,3791
774,773000,167008,3684
775,774000,152558,3070
776,775000,116686,2035
777,776000,64428,723
778,777000,3124,-679
779,778000,-58614,-1978
780,779000,-112116,-2988
781,780000,-149870,-3570
782,781000,-166573,-3641
783,782000,-159876,-3191
784,783000,-130722,-2284
785,784000,-83206,-1047
786,785000,-24001,344
787,786000,38577,1698
788,787000,95741,2821
789,788000,139462,3557
790,789000,163598,3801
791,790000,164759,3520
792,791000,142784,2752
793,792000,100759,1606
794,793000,44584,243
795,794000,-17849,-1146
796,795000,-77774,-2367
797,796000,-126772,-3248
798,797000,-157963,-3665
799,798000,-166966,-3560
800,799000,-152517,-2947
801,800000,-116644,-1913
802,801000,-64386,-603
803,802000,-3084,798
804,803000,58653,2095
805,804000,112156,3104
806,805000,149910,3685
807,806000,166611,3754
808,807000,159914,3303
809,808000,130760,2395
810,809000,83244,1156
811,810000,24038,-237
812,811000,-38541,-1591
813,812000,-95706,-2716
814,813000,-139426,-3453
815,814000,-163563,-3699
816,815000,-164725,-3419
817,816000,-142751,-2652
818,817000,-100725,-1508
819,818000,-44550,-145
820,819000,17882,1242
821,820000,77805,2462
822,821000,126803,3342
823,822000,157994,3758
824,823000,166997,3651
825,824000,152547,3037
826,825000,116674,2002
827,826000,64417,691
828,827000,3114,-711
829,828000,-58624,-2009
830,829000,-112128,-3019
831,830000,-149881,-3601
832,831000,-166582,-3671
833,832000,-159886,-3221
834,833000,-130733,-2314
835,834000,-83217,-1077
836,835000,-24011,316
837,836000,38568,1669
838,837000,95732,2793
839,838000,139452,3529
840,839000,163588,3774
841,840000,164751,3493
842,841000,142776,2726
843,842000,100749,1580
844,843000,44575,217
845,844000,-17858,-1172
846,845000,-77782,-2392
847,846000,-126780,-3273
848,847000,-157971,-3690
849,848000,-166974,-3584
850,849000,-152525,-2971
851,850000,-116652,-1937
852,851000,-64395,-626
853,852000,-3092,775
854,853000,58646,2072
855,854000,112149,3082
856,855000,149902,3662
857,856000,166603,3732
858,857000,159907,3281
859,858000,130753,2373
860,859000,83236,1135
861,860000,24030,-258
862,861000,-38548,-1612
863,862000,-95712,-2737
864,863000,-139433,-3473
865,864000,-163570,-3719
866,865000,-164732,-3438
867,866000,-142757,-2672
868,867000,-100731,-1527
869,868000,-44557,-164
870,869000,17875,1223
871,870000,77799,2444
872,871000,126797,3323
873,872000,157988,3740
874,873000,166991,3633
875,874000,152541,3020
876,875000,116669,1985
877,876000,64411,674
878,877000,3108,-728
879,878000,-58630,-2026
880,879000,-112133,-3036
881,880000,-149886,-3617
882,881000,-166588,-3688
883,882000,-159892,-3237
884,883000,-130738,-2330
885,884000,-83222,-1092
886,885000,-24016,300
887,886000,38562,1654
888,887000,95726,2778
889,888000,139447,3514
890,889000,163583,3759
891,890000,164746,3478
892,891000,142771,2711
893,892000,100745,1566
894,893000,44570,203
895,894000,-17863,-1186
896,895000,-77787,-2406
897,896000,-126785,-3286
898,897000,-157976,-3703
899,898000,-166979,-3597
900,899000,-152529,-2984
901,900000,-116657,-1949
902,901000,-64399,-639
903,902000,-3096,762
904,903000,58641,2060
905,904000,112144,3070
906,905000,149898,3650
907,906000,166599,3720
908,907000,159902,3270
909,908000,130749,2362
910,909000,83232,1124
911,910000,24027,-269
912,911000,-38552,-1623
913,912000,-95716,-2748
914,913000,-139437,-3484
915,914000,-163573,-3729
916,915000,-164736,-3449
917,916000,-142761,-2683
918,917000,-100735,-1537
919,918000,-44560,-175
920,919000,17872,1213
921,920000,77796,2434
922,921000,126794,3314
923,922000,157985,3730
924,923000,166988,3624
925,924000,152538,3010
926,925000,116665,1975
927,926000,64408,664
928,927000,3105,-737
929,928000,-58633,-2035
930,929000,-112136,-3045
931,930000,-149890,-3626
932,931000,-166591,-3696
933,932000,-159894,-3246
934,933000,-130741,-2338
935,934000,-83225,-1101
936,935000,-24019,292
937,936000,38559,1646
938,937000,95724,2770
939,938000,139444,3506
940,939000,163581,3751
941,940000,164743,3471
942,941000,142768,2704
943,942000,100742,1558
944,943000,44568,195
945,944000,-17865,-1193
946,945000,-77789,-2413
947,946000,-126787,-3294
948,947000,-157978,-3710
949,948000,-166981,-3604
950,949000,-152531,-2991
951,950000,-116659,-1956
952,951000,-64401,-646
953,952000,-3099,756
954,953000,58639,2053
955,954000,112142,3063
956,955000,149896,3644
957,956000,166597,3714
958,957000,159900,3263
959,958000,130747,2355
960,959000,83230,1118
961,960000,24025,-275
962,961000,-38554,-1629
963,962000,-95718,-2754
964,963000,-139439,-3490
965,964000,-163575,-3735
966,965000,-164738,-3455
967,966000,-142763,-2688
968,967000,-100737,-1543
969,968000,-44562,-180
970,969000,17870,1208
971,970000,77794,2428
972,971000,126792,3308
973,972000,157983,3725
974,973000,166986,3618
975,974000,152536,3005
976,975000,116664,1970
977,976000,64406,659
978,977000,3103,-742
979,978000,-58635,-2040
980,979000,-112138,-3050
981,980000,-149891,-3631
982,981000,-166593,-3701
983,982000,-159896,-3251
984,983000,-130742,-2343
985,984000,-83226,-1105
986,985000,-24021,288
987,986000,38558,1641
988,987000,95722,2765
989,988000,139443,3502
990,989000,163579,3747
991,990000,164742,3466
992,991000,142767,2700
993,992000,100741,1554
994,993000,44566,191
995,994000,-17866,-1197
996,995000,-77790,-2417
997,996000,-126789,-3298
998,997000,-157979,-3714
999,998000,-166982,-3608
1000,999000,-152533,-2995
1001,1000000,-116660,-1960
1002,1001000,-64403,-649
1003,1002000,-3100,752
1004,1003000,132923,2018
1005,1004000,452640,2355
1006,1005000,548424,1468
1007,1006000,207926,658
1008,1007000,-84981,687
1009,1008000,20923,572
1010,1009000,133882,-546
1011,1010000,-162959,-1778
1012,1011000,-549289,-1925
1013,1012000,-501682,-1429
1014,1013000,-174347,-1463
1015,1014000,-107445,-1841
1016,1015000,-303296,-1385
1017,1016000,-261309,-62
1018,1017000,130234,860
1019,1018000,391187,890
1020,1019000,274106,990
1021,1020000,157934,1749
1022,1021000,342667,2267
1023,1022000,512396,1686
1024,1023000,294936,659
1025,1024000,-74722,235
1026,1025000,-146820,143
1027,1026000,-10735,-560
1028,1027000,-105260,-1690
1029,1028000,-432228,-2134
1030,1029000,-540655,-1684
1031,1030000,-295322,-1298
1032,1031000,-88065,-1394
1033,1032000,-151688,-1171
1034,1033000,-184519,-107
1035,1034000,82820,1016
1036,1035000,390437,1342
1037,1036000,386115,1265
1038,1037000,216546,1585
1039,1038000,245867,2030
1040,1039000,408706,1712
1041,1040000,329496,695
1042,1041000,-11004,-72
1043,1042000,-226605,-304
1044,1043000,-168167,-710
1045,1044000,-141358,-1587
1046,1045000,-341251,-2174
1047,1046000,-501797,-1885
1048,1047000,-358185,-1258
1049,1048000,-101225,-999
1050,1049000,-41472,-813
1051,1050000,-85791,-40
1052,1051000,64021,1060
1053,1052000,356720,1630
1054,1053000,456066,1559
1055,1054000,304569,1534
1056,1055000,203640,1755
1057,1056000,282246,1580
1058,1057000,284863,694
1059,1058000,35908,-266
1060,1059000,-237636,-709
1061,1060000,-279304,-960
1062,1061000,-214126,-1526
1063,1062000,-293496,-2085
1064,1063000,-438149,-1966
1065,1064000,-376641,-1274
1066,1065000,-124301,-708
1067,1066000,36159,-409
1068,1067000,29022,147
1069,1068000,85473,1087
1070,1069000,307442,1776
1071,1070000,465344,1796
1072,1071000,378569,1554
1073,1072000,212412,1498
1074,1073000,183556,1337
1075,1074000,196714,617
1076,1075000,38030,-387
1077,1076000,-226633,-1025
1078,1077000,-344416,-1251
1079,1078000,-288929,-1541
1080,1079000,-275272,-1938
1081,1080000,-364775,-1913
1082,1081000,-356354,-1269
1083,1082000,-146866,-507
1084,1083000,74973,-32
1085,1084000,135686,416
1086,1085000,146889,1144
1087,1086000,276750,1823
1088,1087000,433094,1942
1089,1088000,410171,1602
1090,1089000,236659,1287
1091,1090000,121327,1032
1092,1091000,101162,447
1093,1092000,5291,-484
1094,1093000,-215122,-1239
1095,1094000,-375043,-1518
1096,1095000,-353835,-1616
1097,1096000,-281298,-1790
1098,1097000,-295027,-1759
1099,1098000,-300430,-1198
1100,1099000,-148693,-356
1101,1100000,85574,287
1102,1101000,211436,717
1103,1102000,223173,1246
1104,1103000,275785,1815
1105,1104000,389444,1988
1106,1105000,403072,1633
1107,1106000,252316,1125
1108,1107000,84032,718
1109,1108000,13198,200
1110,1109000,-50527,-602
1111,1110000,-211883,-1375
1112,1111000,-378018,-1720
1113,1112000,-396955,-1713
1114,1113000,-302703,-1668
1115,1114000,-243531,-1547
1116,1115000,-225895,-1052
1117,1116000,-120112,-216
1118,1117000,90386,542
1119,1118000,255409,1010
1120,1119000,291227,1386
1121,1120000,294976,1788
1122,1121000,350081,1945
1123,1122000,369996,1613
1124,1123000,250905,995
1125,1124000,61695,431
1126,1125000,-59593,-87
1127,1126000,-119441,-757
1128,1127000,-224285,-1465
1129,1128000,-365040,-1845
1130,1129000,-411139,-1795
1131,1130000,-322810,-1571
1132,1131000,-212095,-1313
1133,1132000,-151900,-840
1134,1133000,-68082,-61
1135,1134000,103838,742
1136,1135000,278261,1262
1137,1136000,341411,1543
1138,1137000,322338,1766
1139,1138000,320028,1841
1140,1139000,321454,1526
1141,1140000,229075,866
1142,1141000,44841,180
1143,1142000,-112984,-381
1144,1143000,-188436,-946
1145,1144000,-252654,-1538
1146,1145000,-350037,-1899
1147,1146000,-400628,-1834
1148,1147000,-328784,-1487
1149,1148000,-192034,-1081
1150,1149000,-88000,-585
1151,1150000,-4500,123
1152,1151000,129657,907
1153,1152000,289920,1458
1154,1153000,371529,1689
1155,1154000,348339,1755
1156,1155000,300288,1705
1157,1156000,267463,1377
1158,1157000,187875,717
1159,1158000,23558,-38
1160,1159000,-149699,-655
1161,1160000,-246498,-1150
1162,1161000,-289359,-1608
1163,1162000,-340703,-1899
1164,1163000,-375157,-1818
1165,1164000,-316783,-1398
1166,1165000,-173905,-863
1167,1166000,-35867,-311
1168,1167000,61005,339
1169,1168000,166489,1056
1170,1169000,297943,1599
1171,1170000,382997,1801
1172,1171000,364924,1744
1173,1172000,287749,1555
1174,1173000,216336,1180
1175,1174000,133722,537
1176,1175000,-7869,-238
1177,1176000,-177039,-894
1178,1177000,-289347,-1349
1179,1178000,-325188,-1679
1180,1179000,-337656,-1864
1181,1180000,-343089,-1746
1182,1181000,-288552,-1285
1183,1182000,-151201,-659
1184,1183000,6321,-40
1185,1184000,121413,574
1186,1185000,210187,1202
1187,1186000,307690,1695
1188,1187000,380545,1866
1189,1188000,367280,1721
1190,1189000,276191,1402
1191,1190000,171606,956
1192,1191000,74753,325
1193,1192000,-49328,-430
1194,1193000,-201614,-1097
1195,1194000,-317968,-1525
1196,1195000,-353557,-1746
1197,1196000,-338011,-1806
1198,1197000,-309840,-1627
1199,1198000,-248213,-1141
1200,1199000,-120207,-461
1201,1200000,42318,214
1202,1201000,172533,811
1203,1202000,254749,1348
1204,1203000,320976,1757
1205,1204000,370208,1881
1206,1205000,355149,1672
1207,1206000,259807,1247
1208,1207000,132416,720
1209,1208000,17137,90
1210,1209000,-97288,-623
1211,1210000,-227173,-1266
1212,1211000,-335523,-1665
1213,1212000,-370910,-1799
1214,1213000,-337692,-1735
1215,1214000,-278164,-1473
1216,1215000,-200921,-961
1217,1216000,-80167,-260
1218,1217000,76469,449
1219,1218000,213583,1035
1220,1219000,294522,1489
1221,1220000,336153,1795
1222,1221000,356579,1852
1223,1222000,331362,1589
1224,1223000,235368,1085
1225,1224000,96001,482
1226,1225000,-35772,-157
1227,1226000,-147253,-819
1228,1227000,-254830,-1408
1229,1228000,-345667,-1765
1230,1229000,-376314,-1826
1231,1230000,-332639,-1652
1232,1231000,-248264,-1297
1233,1232000,-151449,-753
1234,1233000,-33071,-51
1235,1234000,111878,664
1236,1235000,246271,1236
1237,1236000,325990,1617
1238,1237000,349930,1814
1239,1238000,341820,1785
1240,1239000,299672,1470
1241,1240000,202225,911
1242,1241000,59485,250
1243,1242000,-82907,-403
1244,1243000,-195027,-1015
1245,1244000,-283620,-1530
1246,1245000,-351508,-1826
1247,1246000,-371008,-1821
1248,1247000,-319999,-1552
1249,1248000,-218523,-1107
1250,1249000,-102916,-524
1251,1250000,17654,167
1252,1251000,149530,862
1253,1252000,273065,1408
1254,1253000,347948,1723
1255,1254000,359074,1815
1256,1255000,326126,1690
1257,1256000,263465,1316
1258,1257000,161590,720
1259,1258000,20778,23
1260,1259000,-124822,-640
1261,1260000,-237522,-1204
1262,1261000,-311221,-1633
1263,1262000,-354794,-1851
1264,1263000,-357405,-1779
1265,1264000,-298782,-1433
1266,1265000,-186819,-908
1267,1266000,-56554,-285
1268,1267000,68600,392
1269,1268000,188623,1047
1270,1269000,295994,1548
1271,1270000,360829,1799
1272,1271000,361254,1796
1273,1272000,308480,1571
1274,1273000,225159,1136
1275,1274000,115787,512
1276,1275000,-20923,-198
1277,1276000,-162875,-859
1278,1277000,-273186,-1377
1279,1278000,-334980,-1719
1280,1279000,-355756,-1845
1281,1280000,-337949,-1701
1282,1281000,-269624,-1291
1283,1282000,-151581,-703
1284,1283000,-12291,-44
1285,1284000,117161,617
1286,1285000,227337,1218
1287,1286000,316158,1658
1288,1287000,365949,1842
1289,1288000,355365,1752
1290,1289000,287406,1434
1291,1290000,185982,935
1292,1291000,67426,290
1293,1292000,-65095,-416
1294,1293000,-198350,-1058
1295,1294000,-301815,-1527
1296,1295000,-352786,-1783
1297,1296000,-353590,-1812
1298,1297000,-314429,-1591
1299,1298000,-234112,-1125
1300,1299000,-112207,-491
1301,1300000,30542,193
1302,1301000,161775,836
1303,1302000,263535,1376
1304,1303000,333655,1741
1305,1304000,364829,1851
1306,1305000,341489,1681
1307,1306000,261661,1280
1308,1307000,146160,720
1309,1308000,18710,58
1310,1309000,-110291,-630
1311,1310000,-231897,-1236
1312,1311000,-323988,-1650
1313,1312000,-363443,-1823
1314,1313000,-347109,-1755
1315,1314000,-287802,-1454
1316,1315000,-194132,-936
1317,1316000,-69065,-272
1318,1317000,72631,422
1319,1318000,201818,1041
1320,1319000,295331,1517
1321,1320000,347800,1797
1322,1321000,358672,1825
1323,1322000,320545,1581
1324,1323000,230671,1109
1325,1324000,105393,496
1326,1325000,-28875,-176
1327,1326000,-154718,-838
1328,1327000,-263412,-1393
1329,1328000,-340507,-1743
1330,1329000,-366650,-1835
1331,1330000,-335261,-1675
1332,1331000,-258341,-1294
1333,1332000,-151407,-729
1334,1333000,-23248,-47
1335,1334000,114278,642
1336,1335000,237306,1228
1337,1336000,321442,1637
1338,1337000,357540,1827
1339,1338000,348129,1769
1340,1339000,293809,1453
1341,1340000,194624,922
1342,1341000,63329,269
1343,1342000,-74534,-410
1344,1343000,-196698,-1035
1345,1344000,-292206,-1528
1346,1345000,-352016,-1806
1347,1346000,-362765,-1817
1348,1347000,-317451,-1571
1349,1348000,-225916,-1115
1350,1349000,-107229,-508
1351,1350000,23785,179
1352,1351000,155246,850
1353,1352000,268503,1393
1354,1353000,341252,1731
1355,1354000,361870,1832
1356,1355000,333350,1685
1357,1356000,262527,1299
1358,1357000,154307,720
1359,1358000,19885,40
1360,1359000,-117940,-635
1361,1360000,-234937,-1219
1362,1361000,-317284,-1641
1363,1362000,-358818,-1837
1364,1363000,-352497,-1768
1365,1364000,-293646,-1443
1366,1365000,-190327,-921
1367,1366000,-62423,-279
1368,1367000,70569,406
1369,1368000,194832,1044
1370,1369000,295609,1533
1371,1370000,354678,1798
1372,1371000,360106,1810
1373,1372000,314196,1576
1374,1373000,227700,1123
1375,1374000,110845,505
1376,1375000,-24628,-188
1377,1376000,-158979,-849
1378,1377000,-268608,-1384
1379,1378000,-337640,-1730
1380,1379000,-360873,-1840
1381,1380000,-336624,-1689
1382,1381000,-264310,-1292
1383,1382000,-151558,-715
1384,1383000,-17466,-45
1385,1384000,115859,629
1386,1385000,232063,1223
1387,1386000,318601,1648
1388,1387000,361946,1835
1389,1388000,351990,1760
1390,1389000,290470,1443
1391,1390000,190034,929
1392,1391000,65446,280
1393,1392000,-69534,-413
1394,1393000,-197522,-1047
1395,1394000,-297284,-1528
1396,1395000,-352471,-1794
1397,1396000,-357927,-1814
1398,1397000,-315807,-1581
1399,1398000,-230224,-1120
1400,1399000,-109900,-499
1401,1400000,27323,186
1402,1401000,158726,842
1403,1402000,265918,1384
1404,1403000,337219,1736
1405,1404000,363391,1842
1406,1405000,337658,1683
1407,1406000,262112,1289
1408,1407000,150005,720
1409,1408000,19224,49
1410,1409000,-113910,-632
1411,1410000,-233293,-1228
1412,1411000,-320806,-1646
1413,1412000,-361294,-1830
1414,1413000,-349679,-1761
1415,1414000,-290534,-1449
1416,1415000,-192303,-929
1417,1416000,-65947,-275
1418,1417000,71622,415
1419,1418000,198527,1043
1420,1419000,295499,1525
1421,1420000,351048,1797
1422,1421000,359314,1818
1423,1422000,317538,1579
1424,1423000,229300,1116
1425,1424000,107984,500
1426,1425000,-26897,-182
1427,1426000,-156753,-843
1428,1427000,-265844,-1389
1429,1428000,-339125,-1737
1430,1429000,-363936,-1838
1431,1430000,-335936,-1681
1432,1431000,-261154,-1293
1433,1432000,-151447,-723
1434,1433000,-20515,-47
1435,1434000,114995,636
1436,1435000,234821,1226
1437,1436000,320127,1642
1438,1437000,359636,1831
1439,1438000,349930,1765
1440,1439000,292212,1448
1441,1440000,192473,925
1442,1441000,64354,274
1443,1442000,-72183,-411
1444,1443000,-197114,-1041
1445,1444000,-294601,-1528
1446,1445000,-352204,-1800
1447,1446000,-360476,-1816
1448,1447000,-316700,-1576
1449,1448000,-227960,-1118
1450,1449000,-108469,-504
1451,1450000,25471,182
1452,1451000,156872,846
1453,1452000,267264,1389
1454,1453000,339360,1734
1455,1454000,362610,1837
1456,1455000,335377,1684
1457,1456000,262308,1295
1458,1457000,152277,720
1459,1458000,19596,44
1460,1459000,-116033,-634
1461,1460000,-234182,-1223
1462,1461000,-318957,-1643
1463,1462000,-359969,-1834
1464,1463000,-351153,-1765
1465,1464000,-292190,-1446
1466,1465000,-191276,-925
1467,1466000,-64078,-277
1468,1467000,71084,410
1469,1468000,196572,1043
1470,1469000,295538,1529
1471,1470000,352964,1798
1472,1471000,359751,1814
1473,1472000,315779,1577
1474,1473000,228438,1120
1475,1474000,109484,503
1476,1475000,-25685,-185
1477,1476000,-157915,-846
1478,1477000,-267313,-1386
1479,1478000,-338356,-1733
1480,1479000,-362312,-1839
1481,1480000,-336283,-1685
1482,1481000,-262822,-1293
1483,1482000,-151522,-719
1484,1483000,-18907,-46
1485,1484000,115467,632
1486,1485000,233370,1224
1487,1486000,319307,1645
1488,1487000,360847,1833
1489,1488000,351029,1763
1490,1489000,291304,1446
1491,1490000,191177,927
1492,1491000,64917,277
1493,1492000,-70780,-412
1494,1493000,-197315,-1044
1495,1494000,-296019,-1528
1496,1495000,-352359,-1797
1497,1496000,-359133,-1815
1498,1497000,-316216,-1579
1499,1498000,-229150,-1119
1500,1499000,-109235,-501
1501,1500000,26440,185
1502,1501000,157860,844
1503,1502000,266563,1386
1504,1503000,338224,1735
1505,1504000,363011,1839
1506,1505000,336585,1684
1507,1506000,262216,1292
1508,1507000,151078,720
1509,1508000,19388,47
1510,1509000,-114915,-633
1511,1510000,-233702,-1226
1512,1511000,-319928,-1645
1513,1512000,-360678,-1832
1514,1513000,-350382,-1763
1515,1514000,-291309,-1447
1516,1515000,-191809,-927
1517,1516000,-65069,-276
1518,1517000,71358,413
1519,1518000,197606,1043
1520,1519000,295527,1527
1521,1520000,351953,1798
1522,1521000,359511,1816
1523,1522000,316705,1578
1524,1523000,228902,1118
1525,1524000,108697,502
1526,1525000,-26332,-183
1527,1526000,-157308,-844
1528,1527000,-266532,-1388
1529,1528000,-338754,-1735
1530,1529000,-363173,-1838
1531,1530000,-336109,-1683
1532,1531000,-261940,-1293
1533,1532000,-151473,-721
1534,1533000,-19755,-46
1535,1534000,115210,634
1536,1535000,234133,1225
1537,1536000,319747,1644
1538,1537000,360213,1832
1539,1538000,350443,1764
1540,1539000,291777,1447
1541,1540000,191866,926
1542,1541000,64627,276
1543,1542000,-71523,-412
1544,1543000,-197216,-1042
1545,1544000,-295270,-1528
1546,1545000,-352270,-1798
1547,1546000,-359841,-1815
1548,1547000,-316478,-1577
1549,1548000,-228525,-1118
1550,1549000,-108825,-503
1551,1550000,25933,183
1552,1551000,157334,845
1553,1552000,266928,1388
1554,1553000,338827,1734
1555,1554000,362805,1838
1556,1555000,335946,1684
1557,1556000,262258,1293
1558,1557000,151711,720
1559,1558000,19504,46
1560,1559000,-115503,-634
1561,1560000,-233961,-1224
1562,1561000,-319418,-1644
1563,1562000,-360299,-1833
1564,1563000,-350785,-1764
1565,1564000,-291778,-1446
1566,1565000,-191533,-926
1567,1566000,-64543,-276
1568,1567000,71219,411
1569,1568000,197059,1043
1570,1569000,295527,1528
1571,1570000,352487,1798
1572,1571000,359643,1815
1573,1572000,316218,1578
1574,1573000,228653,1119
1575,1574000,109110,502
1576,1575000,-25987,-184
1577,1576000,-157625,-845
1578,1577000,-266947,-1387
1579,1578000,-338548,-1734
1580,1579000,-362717,-1839
1581,1580000,-336196,-1684
1582,1581000,-262407,-1293
1583,1582000,-151503,-720
1584,1583000,-19308,-46
1585,1584000,115350,633
1586,1585000,233732,1225
1587,1586000,319511,1644
1588,1587000,360545,1833
1589,1588000,350755,1763
1590,1589000,291531,1446
1591,1590000,191500,927
1592,1591000,64776,277
1593,1592000,-71129,-412
1594,1593000,-197265,-1043
1595,1594000,-295665,-1528
1596,1595000,-352321,-1797
1597,1596000,-359467,-1815
1598,1597000,-316336,-1578
1599,1598000,-228853,-1119
1600,1599000,-109045,-502
1601,1600000,26198,184
1602,1601000,157614,845
1603,1602000,266738,1387
1604,1603000,338507,1735
1605,1604000,362911,1839
1606,1605000,336284,1684
1607,1606000,262240,1292
1608,1607000,151377,720
1609,1608000,19439,46
1610,1609000,-115193,-633
1611,1610000,-233821,-1225
1612,1611000,-319685,-1644
1613,1612000,-360501,-1832
1614,1613000,-350574,-1763
1615,1614000,-291528,-1447
1616,1615000,-191676,-927
1617,1616000,-64822,-276
1618,1617000,71289,412
1619,1618000,197349,1043
1620,1619000,295530,1528
1621,1620000,352205,1798
1622,1621000,359571,1815
1623,1622000,316474,1578
1624,1623000,228787,1118
1625,1624000,108894,502
1626,1625000,-26171,-184
1627,1626000,-157460,-845
1628,1627000,-266727,-1387
1629,1628000,-338654,-1735
1630,1629000,-362959,-1838
1631,1630000,-336152,-1684
1632,1631000,-262160,-1293
1633,1632000,-151485,-720
1634,1633000,-19543,-46
1635,1634000,115273,634
1636,1635000,233943,1225
1637,1636000,319638,1644
1638,1637000,360371,1832
1639,1638000,350589,1764
1640,1639000,291659,1447
1641,1640000,191694,926
1642,1641000,64699,276
1643,1642000,-71338,-412
1644,1643000,-197241,-1043
1645,1644000,-295456,-1528
1646,1645000,-352292,-1798
1647,1646000,-359664,-1815
1648,1647000,-316413,-1578
1649,1648000,-228680,-1118
1650,1649000,-108927,-502
1651,1650000,26059,184
1652,1651000,157465,845
1653,1652000,266837,1387
1654,1653000,338677,1735
1655,1654000,362857,1838
1656,1655000,336105,1684
1657,1656000,262248,1293
1658,1657000,151553,720
1659,1658000,19475,46
1660,1659000,-115357,-633
1661,1660000,-233896,-1225
1662,1661000,-319545,-1644
1663,1662000,-360393,-1833
1664,1663000,-350684,-1764
1665,1664000,-291661,-1447
1666,1665000,-191602,-926
1667,1666000,-64674,-276
1668,1667000,71254,412
1669,1668000,197196,1043
1670,1669000,295527,1528
1671,1670000,352354,1798
1672,1671000,359610,1815
1673,1672000,316339,1578
1674,1673000,228715,1119
1675,1674000,109007,502
1676,1675000,-26073,-184
1677,1676000,-157546,-845
1678,1677000,-266844,-1387
1679,1678000,-338599,-1735
1680,1679000,-362831,-1838
1681,1680000,-336174,-1684
1682,1681000,-262290,-1293
1683,1682000,-151496,-720
1684,1683000,-19419,-46
1685,1684000,115315,633
1686,1685000,233832,1225
1687,1686000,319570,1644
1688,1687000,360462,1833
1689,1688000,350677,1763
1690,1689000,291592,1447
1691,1690000,191591,927
1692,1691000,64739,276
1693,1692000,-71227,-412
1694,1693000,-197252,-1043
1695,1694000,-295567,-1528
1696,1695000,-352308,-1798
1697,1696000,-359560,-1815
1698,1697000,-316371,-1578
1699,1698000,-228771,-1119
1700,1699000,-108990,-502
1701,1700000,26132,184
1702,1701000,157544,845
1703,1702000,266786,1387
1704,1703000,338587,1735
1705,1704000,362884,1838
1706,1705000,336200,1684
1707,1706000,262244,1293
1708,1707000,151460,720
1709,1708000,19455,46
1710,1709000,-115271,-633
1711,1710000,-233856,-1225
1712,1711000,-319619,-1644
1713,1712000,-360451,-1832
1714,1713000,-350627,-1763
1715,1714000,-291591,-1447
1716,1715000,-191640,-927
1717,1716000,-64753,-276
1718,1717000,71272,412
1719,1718000,197277,1043
1720,1719000,295530,1528
1721,1720000,352275,1798
1722,1721000,359589,1815
1723,1722000,316410,1578
1724,1723000,228753,1118
1725,1724000,108948,502
1726,1725000,-26125,-184
1727,1726000,-157501,-845
1728,1727000,-266782,-1387
1729,1728000,-338628,-1735
1730,1729000,-362898,-1838
1731,1730000,-336163,-1684
1732,1731000,-262222,-1293
1733,1732000,-151490,-720
1734,1733000,-19485,-46
1735,1734000,115292,633
1736,1735000,233890,1225
1737,1736000,319606,1644
1738,1737000,360414,1833
1739,1738000,350630,1763
1740,1739000,291627,1447
1741,1740000,191646,927
1742,1741000,64719,276
1743,1742000,-71286,-412
1744,1743000,-197247,-1043
1745,1744000,-295508,-1528
1746,1745000,-352299,-1798
1747,1746000,-359615,-1815
1748,1747000,-316394,-1578
1749,1748000,-228723,-1118
1750,1749000,-108956,-502
1751,1750000,26094,184
1752,1751000,157502,845
1753,1752000,266812,1387
1754,1753000,338635,1735
1755,1754000,362870,1838
1756,1755000,336150,1684
1757,1756000,262246,1293
1758,1757000,151509,720
1759,1758000,19466,46
1760,1759000,-115316,-633
1761,1760000,-233878,-1225
1762,1761000,-319580,-1644
1763,1762000,-360420,-1833
1764,1763000,-350657,-1763
1765,1764000,-291628,-1447
1766,1765000,-191620,-927
1767,1766000,-64711,-276
1768,1767000,71263,412
1769,1768000,197234,1043
1770,1769000,295528,1528
1771,1770000,352317,1798
1772,1771000,359600,1815
1773,1772000,316373,1578
1774,1773000,228733,1119
1775,1774000,108979,502
1776,1775000,-26097,-184
1777,1776000,-157525,-845
1778,1777000,-266815,-1387
1779,1778000,-338613,-1735
1780,1779000,-362862,-1838
1781,1780000,-336169,-1684
1782,1781000,-262258,-1293
1783,1782000,-151493,-720
1784,1783000,-19450,-46
1785,1784000,115305,633
1786,1785000,233860,1225
1787,1786000,319587,1644
1788,1787000,360439,1833
1789,1788000,350655,1763
1790,1789000,291609,1447
1791,1790000,191617,927
1792,1791000,64729,276
1793,1792000,-71255,-412
1794,1793000,-197249,-1043
1795,1794000,-295539,-1528
1796,1795000,-352304,-1798
1797,1796000,-359586,-1815
1798,1797000,-316382,-1578
1799,1798000,-228748,-1118
1800,1799000,-108974,-502
1801,1800000,26114,184
1802,1801000,157524,845
1803,1802000,266798,1387
1804,1803000,338609,1735
1805,1804000,362877,1838
1806,1805000,336176,1684
1807,1806000,262245,1293
1808,1807000,151483,720
1809,1808000,19460,46
1810,1809000,-115292,-633
1811,1810000,-233866,-1225
1812,1811000,-319600,-1644
1813,1812000,-360436,-1833
1814,1813000,-350641,-1763
1815,1814000,-291608,-1447
1816,1815000,-191631,-927
1817,1816000,-64733,-276
1818,1817000,71267,412
1819,1818000,197257,1043
1820,1819000,295529,1528
1821,1820000,352295,1798
1822,1821000,359594,1815
1823,1822000,316393,1578
1824,1823000,228744,1118
1825,1824000,108962,502
1826,1825000,-26112,-184
1827,1826000,-157512,-845
1828,1827000,-266797,-1387
1829,1828000,-338621,-1735
1830,1829000,-362881,-1838
1831,1830000,-336166,-1684
1832,1831000,-262239,-1293
1833,1832000,-151491,-720
1834,1833000,-19468,-46
1835,1834000,115298,633
1836,1835000,233876,1225
1837,1836000,319597,1644
1838,1837000,360426,1833
1839,1838000,350642,1763
1840,1839000,291618,1447
1841,1840000,191632,927
1842,1841000,64724,276
1843,1842000,-71271,-412
1844,1843000,-197248,-1043
1845,1844000,-295523,-1528
1846,1845000,-352301,-1798
1847,1846000,-359601,-1815
1848,1847000,-316388,-1578
1849,1848000,-228735,-1118
1850,1849000,-108965,-502
1851,1850000,26104,184
1852,1851000,157512,845
1853,1852000,266806,1387
1854,1853000,338623,1735
1855,1854000,362874,1838
1856,1855000,336162,1684
1857,1856000,262245,1293
1858,1857000,151497,720
1859,1858000,19463,46
1860,1859000,-115305,-633
1861,1860000,-233872,-1225
1862,1861000,-319590,-1644
1863,1862000,-360428,-1833
1864,1863000,-350649,-1763
1865,1864000,-291619,-1447
1866,1865000,-191625,-927
1867,1866000,-64721,-276
1868,1867000,71265,412
1869,1868000,197245,1043
1870,1869000,295528,1528
1871,1870000,352306,1798
1872,1871000,359597,1815
1873,1872000,316382,1578
1874,1873000,228738,1118
1875,1874000,108971,502
1876,1875000,-26104,-184
1877,1876000,-157519,-845
1878,1877000,-266806,-1387
1879,1878000,-338617,-1735
1880,1879000,-362871,-1838
1881,1880000,-336167,-1684
1882,1881000,-262249,-1293
1883,1882000,-151493,-720
1884,1883000,-19459,-46
1885,1884000,115302,633
1886,1885000,233867,1225
1887,1886000,319591,1644
1888,1887000,360433,1833
1889,1888000,350649,1763
1890,1889000,291613,1447
1891,1890000,191624,927
1892,1891000,64726,276
1893,1892000,-71263,-412
1894,1893000,-197249,-1043
1895,1894000,-295532,-1528
1896,1895000,-352303,-1798
1897,1896000,-359593,-1815
1898,1897000,-316385,-1578
1899,1898000,-228742,-1118
1900,1899000,-108970,-502
1901,1900000,26109,184
1902,1901000,157519,845
1903,1902000,266802,1387
1904,1903000,338616,1735
1905,1904000,362875,1838
1906,1905000,336170,1684
1907,1906000,262245,1293
1908,1907000,151490,720
1909,1908000,19461,46
1910,1909000,-115298,-633
1911,1910000,-233869,-1225
1912,1911000,-319595,-1644
1913,1912000,-360432,-1833
1914,1913000,-350645,-1763
1915,1914000,-291613,-1447
1916,1915000,-191628,-927
1917,1916000,-64728,-276
1918,1917000,71266,412
1919,1918000,197251,1043
1920,1919000,295529,1528
1921,1920000,352300,1798
1922,1921000,359596,1815
1923,1922000,316388,1578
1924,1923000,228741,1118
1925,1924000,108966,502
1926,1925000,-26109,-184
1927,1926000,-157515,-845
1928,1927000,-266801,-1387
1929,1928000,-338619,-1735
1930,1929000,-362877,-1838
1931,1930000,-336167,-1684
1932,1931000,-262243,-1293
1933,1932000,-151492,-720
1934,1933000,-19464,-46
1935,1934000,115300,633
1936,1935000,233872,1225
1937,1936000,319594,1644
1938,1937000,360429,1833
1939,1938000,350645,1763
1940,1939000,291616,1447
1941,1940000,191628,927
1942,1941000,64725,276
1943,1942000,-71267,-412
1944,1943000,-197249,-1043
1945,1944000,-295527,-1528
1946,1945000,-352302,-1798
1947,1946000,-359598,-1815
1948,1947000,-316386,-1578
1949,1948000,-228739,-1118
1950,1949000,-108967,-502
1951,1950000,26106,184
1952,1951000,157515,845
1953,1952000,266804,1387
1954,1953000,338619,1735
1955,1954000,362875,1838
1956,1955000,336166,1684
1957,1956000,262245,1293
1958,1957000,151493,720
1959,1958000,19462,46
1960,1959000,-115302,-633
1961,1960000,-233871,-1225
1962,1961000,-319592,-1644
1963,1962000,-360430,-1833
1964,1963000,-350647,-1763
1965,1964000,-291616,-1447
1966,1965000,-191626,-927
1967,1966000,-64724,-276
1968,1967000,71265,412
1969,1968000,197248,1043
1970,1969000,295529,1528
1971,1970000,352303,1798
1972,1971000,359597,1815
1973,1972000,316385,1578
1974,1973000,228739,1118
1975,1974000,108969,502
1976,1975000,-26106,-184
1977,1976000,-157517,-845
1978,1977000,-266804,-1387
1979,1978000,-338618,-1735
1980,1979000,-362874,-1838
1981,1980000,-336167,-1684
1982,1981000,-262246,-1293
1983,1982000,-151492,-720
1984,1983000,-19461,-46
1985,1984000,115301,633
1986,1985000,233869,1225
1987,1986000,319593,1644
1988,1987000,360431,1833
1989,1988000,350647,1763
1990,1989000,291615,1447
1991,1990000,191626,927
1992,1991000,64726,276
1993,1992000,-71265,-412
1994,1993000,-197249,-1043
1995,1994000,-295529,-1528
1996,1995000,-352303,-1798
1997,1996000,-359595,-1815
1998,1997000,-316385,-1578
1999,1998000,-228740,-1118
2000,1999000,-108969,-502
2001,2000000,26108,184
