1,1530,932514838,-1703594374,128106899,-768601233,
2,2530,1370795740,-1553241639,358142083,-636094515,
3,3530,1623313931,-1188933155,486407367,-334762397,
4,4530,1654604014,-661834940,494888334,93073914,
5,5530,1460271213,-45976371,382393900,587326035,
6,6530,1067609227,572147008,164723433,1078577771,
7,7530,531766138,1105721699,-127551731,1497834274,
8,8530,-72000433,1479808646,-453382522,1786212131,
9,9530,-658893310,1641868378,-767006953,1903209710,
10,10530,-1146485171,1569140236,-1024377404,1832394885,
11,11530,-1466295017,1271838600,-1189346935,1583713447,
12,12530,-1573406737,791718610,-1238746077,1192091962,
13,13530,-1452776597,196211730,-1165636906,712532450,
14,14530,-1121346801,-431044923,-980287304,212387721,
15,15530,-625665827,-1001955029,-708729183,-238098498,
16,16530,-35350446,-1436335925,-389101981,-575656622,
17,17530,566691262,-1673180153,-66296433,-752877736,
18,18530,1095904370,-1679223480,214350405,-744871585,
19,19530,1477962376,-1453617353,413422504,-552762676,
20,20530,1659206503,-1028047384,502960777,-203532040,
21,21530,1614181389,-462283591,470389833,253771818,
22,22530,1349210868,164214127,320284229,754921974,
23,23530,901509074,763456089,73725732,1229533398,
24,24530,333954481,1251280512,-234657167,1610948260,
25,25530,-273741547,1559173885,-561553005,1845598078,
26,26530,-836229895,1643893550,-861050279,1900526864,
27,27530,-1274510797,1493540814,-1091085463,1768020147,
28,28530,-1527028988,1129232330,-1219350747,1466688029,
29,29530,-1558319071,602134115,-1227831714,1038851718,
30,30530,-1363986270,-13724453,-1115337280,544599597,
31,31530,-971324284,-631847832,-897666813,53347861,
32,32530,-435481195,-1165422523,-605391649,-365908642,
33,33530,168285376,-1539509470,-279560858,-654286499,
34,34530,755178253,-1701569202,34063573,-771284078,
35,35530,1242770113,-1628841061,291434024,-700469253,
36,36530,1562579960,-1331539425,456403555,-451787815,
37,37530,1669691679,-851419434,505802697,-60166330,
38,38530,1549061540,-255912555,432693526,419393182,
39,39530,1217631744,371344099,247343924,919537911,
40,40530,721950770,942254204,-24214197,1370024130,
41,41530,131635389,1376635100,-343841399,1707582254,
42,42530,-470406319,1613479328,-666646947,1884803368,
43,43530,-999619427,1619522655,-947293785,1876797217,
44,44530,-1381677433,1393916528,-1146365884,1684688308,
45,45530,-1562921560,968346560,-1235904157,1335457672,
46,46530,-1517896446,402582766,-1203333213,878153814,
47,47530,-1252925925,-223914951,-1053227609,377003657,
48,48530,-805224131,-823156913,-806669112,-97607766,
49,49530,-237669538,-1310981337,-498286213,-479022628,
50,50530,370026490,-1618874709,-171390375,-713672446,
51,51530,932514838,-1703594374,128106899,-768601233,
52,52530,1370795740,-1553241639,358142083,-636094515,
53,53530,1623313931,-1188933155,486407367,-334762397,
54,54530,1654604014,-661834940,494888334,93073914,
55,55530,1460271213,-45976371,382393900,587326035,
56,56530,1067609227,572147008,164723433,1078577771,
57,57530,531766138,1105721699,-127551731,1497834274,
58,58530,-72000433,1479808646,-453382522,1786212131,
59,59530,-658893310,1641868378,-767006953,1903209710,
60,60530,-1146485171,1569140236,-1024377404,1832394885,
61,61530,-1466295017,1271838600,-1189346935,1583713447,
62,62530,-1573406737,791718610,-1238746077,1192091962,
63,63530,-1452776597,196211730,-1165636906,712532450,
64,64530,-1121346801,-431044923,-980287304,212387721,
65,65530,-625665827,-1001955029,-708729183,-238098498,
66,66530,-35350446,-1436335925,-389101981,-575656622,
67,67530,566691262,-1673180153,-66296433,-752877736,
68,68530,1095904370,-1679223480,214350405,-744871585,
69,69530,1477962376,-1453617353,413422504,-552762676,
70,70530,1659206503,-1028047384,502960777,-203532040,
71,71530,1614181389,-462283591,470389833,253771818,
72,72530,1349210868,164214127,320284229,754921974,
73,73530,901509074,763456089,73725732,1229533398,
74,74530,333954481,1251280512,-234657167,1610948260,
75,75530,-273741547,1559173885,-561553005,1845598078,
76,76530,-836229895,1643893550,-861050279,1900526864,
77,77530,-1274510797,1493540814,-1091085463,1768020147,
78,78530,-1527028988,1129232330,-1219350747,1466688029,
79,79530,-1558319071,602134115,-1227831714,1038851718,
80,80530,-1363986270,-13724453,-1115337280,544599597,
81,81530,-971324284,-631847832,-897666813,53347861,
82,82530,-435481195,-1165422523,-605391649,-365908642,
83,83530,168285376,-1539509470,-279560858,-654286499,
84,84530,755178253,-1701569202,34063573,-771284078,
85,85530,1242770113,-1628841061,291434024,-700469253,
86,86530,1562579960,-1331539425,456403555,-451787815,
87,87530,1669691679,-851419434,505802697,-60166330,
88,88530,1549061540,-255912555,432693526,419393182,
89,89530,1217631744,371344099,247343924,919537911,
90,90530,721950770,942254204,-24214197,1370024130,
91,91530,131635389,1376635100,-343841399,1707582254,
92,92530,-470406319,1613479328,-666646947,1884803368,
93,93530,-999619427,1619522655,-947293785,1876797217,
94,94530,-1381677433,1393916528,-1146365884,1684688308,
95,95530,-1562921560,968346560,-1235904157,1335457672,
96,96530,-1517896446,402582766,-1203333213,878153814,
97,97530,-1252925925,-223914951,-1053227609,377003657,
98,98530,-805224131,-823156913,-806669112,-97607766,
99,99530,-237669538,-1310981337,-498286213,-479022628,
100,100530,370026490,-1618874709,-171390375,-713672446,
101,101530,932514838,-1703594374,128106899,-768601233,
102,102530,1370795740,-1553241639,358142083,-636094515,
103,103530,1623313931,-1188933155,486407367,-334762397,
104,104530,1654604014,-661834940,494888334,93073914,
105,105530,1460271213,-45976371,382393900,587326035,
106,106530,1067609227,572147008,164723433,1078577771,
107,107530,531766138,1105721699,-127551731,1497834274,
108,108530,-72000433,1479808646,-453382522,1786212131,
109,109530,-658893310,1641868378,-767006953,1903209710,
110,110530,-1146485171,1569140236,-1024377404,1832394885,
111,111530,-1466295017,1271838600,-1189346935,1583713447,
112,112530,-1573406737,791718610,-1238746077,1192091962,
113,113530,-1452776597,196211730,-1165636906,712532450,
114,114530,-1121346801,-431044923,-980287304,212387721,
115,115530,-625665827,-1001955029,-708729183,-238098498,
116,116530,-35350446,-1436335925,-389101981,-575656622,
117,117530,566691262,-1673180153,-66296433,-752877736,
118,118530,1095904370,-1679223480,214350405,-744871585,
119,119530,1477962376,-1453617353,413422504,-552762676,
120,120530,1659206503,-1028047384,502960777,-203532040,
121,121530,1614181389,-462283591,470389833,253771818,
122,122530,1349210868,164214127,320284229,754921974,
123,123530,901509074,763456089,73725732,1229533398,
124,124530,333954481,1251280512,-234657167,1610948260,
125,125530,-273741547,1559173885,-561553005,1845598078,
126,126530,-836229895,1643893550,-861050279,1900526864,
127,127530,-1274510797,1493540814,-1091085463,1768020147,
128,128530,-1527028988,1129232330,-1219350747,1466688029,
129,129530,-1558319071,602134115,-1227831714,1038851718,
130,130530,-1363986270,-13724453,-1115337280,544599597,
131,131530,-971324284,-631847832,-897666813,53347861,
132,132530,-435481195,-1165422523,-605391649,-365908642,
133,133530,168285376,-1539509470,-279560858,-654286499,
134,134530,755178253,-1701569202,34063573,-771284078,
135,135530,1242770113,-1628841061,291434024,-700469253,
136,136530,1562579960,-1331539425,456403555,-451787815,
137,137530,1669691679,-851419434,505802697,-60166330,
138,138530,1549061540,-255912555,432693526,419393182,
139,139530,1217631744,371344099,247343924,919537911,
140,140530,721950770,942254204,-24214197,1370024130,
141,141530,131635389,1376635100,-343841399,1707582254,
142,142530,-470406319,1613479328,-666646947,1884803368,
143,143530,-999619427,1619522655,-947293785,1876797217,
144,144530,-1381677433,1393916528,-1146365884,1684688308,
145,145530,-1562921560,968346560,-1235904157,1335457672,
146,146530,-1517896446,402582766,-1203333213,878153814,
147,147530,-1252925925,-223914951,-1053227609,377003657,
148,148530,-805224131,-823156913,-806669112,-97607766,
149,149530,-237669538,-1310981337,-498286213,-479022628,
150,150530,370026490,-1618874709,-171390375,-713672446,
151,151530,932514838,-1703594374,128106899,-768601233,
152,152530,1370795740,-1553241639,358142083,-636094515,
153,153530,1623313931,-1188933155,486407367,-334762397,
154,154530,1654604014,-661834940,494888334,93073914,
155,155530,1460271213,-45976371,382393900,587326035,
156,156530,1067609227,572147008,164723433,1078577771,
157,157530,531766138,1105721699,-127551731,1497834274,
158,158530,-72000433,1479808646,-453382522,1786212131,
159,159530,-658893310,1641868378,-767006953,1903209710,
160,160530,-1146485171,1569140236,-1024377404,1832394885,
161,161530,-1466295017,1271838600,-1189346935,1583713447,
162,162530,-1573406737,791718610,-1238746077,1192091962,
163,163530,-1452776597,196211730,-1165636906,712532450,
164,164530,-1121346801,-431044923,-980287304,212387721,
165,165530,-625665827,-1001955029,-708729183,-238098498,
166,166530,-35350446,-1436335925,-389101981,-575656622,
167,167530,566691262,-1673180153,-66296433,-752877736,
168,168530,1095904370,-1679223480,214350405,-744871585,
169,169530,1477962376,-1453617353,413422504,-552762676,
170,170530,1659206503,-1028047384,502960777,-203532040,
171,171530,1614181389,-462283591,470389833,253771818,
172,172530,1349210868,164214127,320284229,754921974,
173,173530,901509074,763456089,73725732,1229533398,
174,174530,333954481,1251280512,-234657167,1610948260,
175,175530,-273741547,1559173885,-561553005,1845598078,
176,176530,-836229895,1643893550,-861050279,1900526864,
177,177530,-1274510797,1493540814,-1091085463,1768020147,
178,178530,-1527028988,1129232330,-1219350747,1466688029,
179,179530,-1558319071,602134115,-1227831714,1038851718,
180,180530,-1363986270,-13724453,-1115337280,544599597,
181,181530,-971324284,-631847832,-897666813,53347861,
182,182530,-435481195,-1165422523,-605391649,-365908642,
183,183530,168285376,-1539509470,-279560858,-654286499,
184,184530,755178253,-1701569202,34063573,-771284078,
185,185530,1242770113,-1628841061,291434024,-700469253,
186,186530,1562579960,-1331539425,456403555,-451787815,
187,187530,1669691679,-851419434,505802697,-60166330,
188,188530,1549061540,-255912555,432693526,419393182,
189,189530,1217631744,371344099,247343924,919537911,
190,190530,721950770,942254204,-24214197,1370024130,
191,191530,131635389,1376635100,-343841399,1707582254,
192,192530,-470406319,1613479328,-666646947,1884803368,
193,193530,-999619427,1619522655,-947293785,1876797217,
194,194530,-1381677433,1393916528,-1146365884,1684688308,
195,195530,-1562921560,968346560,-1235904157,1335457672,
196,196530,-1517896446,402582766,-1203333213,878153814,
197,197530,-1252925925,-223914951,-1053227609,377003657,
198,198530,-805224131,-823156913,-806669112,-97607766,
199,199530,-237669538,-1310981337,-498286213,-479022628,
200,200530,370026490,-1618874709,-171390375,-713672446,
201,201530,-96138630,-640295880,316000094,-1056805861,
202,202530,4814759,-141311519,981335693,-1591974456,
203,203530,581079635,-111908779,1542516829,-1954551520,
204,204530,415747802,618378025,1955851504,-2147483648,
205,205530,944621188,486929205,2147483647,-2119582411,
206,206530,658155750,995461488,2079030481,-1857211320,
207,207530,796577711,832134821,1791746213,-1445671490,
208,208530,590688081,794798472,1275014866,-864513754,
209,209530,234836899,718091334,657742703,-281791482,
210,210530,227298836,149325205,-29772588,307059197,
211,211530,-411830842,182139153,-649427968,755635971,
212,212530,-255975862,-569799516,-1138123228,1037675711,
213,213530,-779470548,-499666606,-1429772082,1117488823,
214,214530,-601540091,-968361433,-1459408242,947050259,
215,215530,-674594590,-951434155,-1268500337,620278651,
216,216530,-606830924,-845622123,-829275654,99317513,
217,217530,-175517762,-905998340,-261579082,-453504836,
218,218530,-245187111,-293178706,401790342,-1032473190,
219,219530,424645486,-365180387,1036131648,-1507836103,
220,220530,303967016,372539185,1558656563,-1822538087,
221,221530,793142598,386400719,1911794253,-1956754193,
222,222530,740737361,793192977,2006667624,-1831372485,
223,223530,741743807,928502565,1881557107,-1543025700,
224,224530,808513470,760651988,1495438135,-1042321277,
225,225530,322144511,943302356,953647000,-478056085,
226,226530,447643158,317145281,293822862,129413341,
227,227530,-219369783,403161556,-376394850,671871980,
228,228530,-157923764,-285889819,-955477010,1061912787,
229,229530,-588107175,-400688542,-1394214710,1293978003,
230,230530,-670843111,-730043052,-1583693867,1262824573,
231,231530,-601022061,-1014459851,-1555035305,1061384075,
232,232530,-790872983,-798059756,-1258122025,634980011,
233,233530,-275293309,-1081149336,-779038943,111596281,
234,234530,-432079554,-474594596,-161932791,-470776616,
235,235530,198572280,-549662003,505232802,-1028395085,
236,236530,216149038,60099144,1104489492,-1445735969,
237,237530,568728138,286470710,1593684032,-1728592237,
238,238530,787840782,530781260,1848547134,-1752000302,
239,239530,655383328,952341264,1889092387,-1598254695,
240,240530,949466495,707053623,1660300046,-1213305706,
241,241530,434085461,1064175642,1225013684,-698383503,
242,242530,596533196,510843707,634508123,-110678591,
243,243530,32886155,552391128,-44198598,491747147,
244,244530,-78288554,46716627,-680060638,969530530,
245,245530,-341785361,-293728073,-1235951702,1335535620,
246,246530,-689991530,-452899442,-1577665034,1452176056,
247,247530,-510042827,-991629929,-1710296310,1384550112,
248,248530,-884190097,-741625101,-1577654494,1084644685,
249,249530,-400012738,-1143325115,-1216559827,622458502,
250,250530,-543597102,-674575790,-685084294,74090591,
251,251530,-73121868,-664161092,-29262183,-527337021,
252,252530,139004772,-280130929,611229336,-1024328295,
253,253530,309515247,168794348,1201648180,-1431714765,
254,254530,771581015,250664503,1603400521,-1606924216,
255,255530,564418067,879975679,1803428203,-1591943564,
256,256530,990404022,651985345,1747590359,-1348908360,
257,257530,567753807,1068551540,1445127794,-914036438,
258,258530,671008975,711842444,959398175,-380431212,
259,259530,313363283,636964039,316640311,241340027,
260,260530,320093,383921058,-339935606,782744185,
261,261530,-81140553,-159656673,-975059006,1255057970,
262,262530,-634746094,-178333343,-1451330646,1518037382,
263,263530,-424464607,-866621228,-1735136876,1585822725,
264,264530,-872826591,-687951293,-1776642278,1433605644,
265,265530,-539307781,-1091221236,-1557337368,1063278052,
266,266530,-585528911,-867605649,-1143486257,581198095,
267,267530,-353000278,-722610573,-543747136,-20771243,
268,268530,52848537,-601312903,100763698,-570767332,
269,269530,56104830,15805031,751357071,-1071039536,
270,270530,673395098,-9194776,1276905185,-1390432078,
271,271530,485837773,703987700,1621845831,-1512104589,
272,272530,927417468,600161322,1742000438,-1425457696,
273,273530,705648459,965771159,1592350784,-1099430196,
274,274530,684362783,889050872,1238739050,-648596711,
275,275530,580958539,675900062,675218846,-51070517,
276,276530,97633115,678818117,35171216,526069752,
277,277530,155671988,15428670,-636718521,1071159018,
278,278530,-493869918,61401853,-1220029492,1467688337,
279,279530,-354583287,-642002252,-1637101301,1666479800,
280,280530,-763091492,-634691990,-1849665610,1670720807,
281,281530,-669472680,-943741649,-1788671955,1419708279,
282,282530,-577185719,-1018966947,-1515673522,1029998866,
283,283530,-598705662,-746862627,-1013668268,471456532,
284,284530,-59992074,-859131196,-402825999,-101323788,
285,285530,-158169831,-180945828,264236531,-658785508,
286,286530,490701710,-223676372,881204395,-1103285771,
287,287530,422771102,437320650,1349405289,-1353952919,
288,288530,776322117,542627790,1635766882,-1425653824,
289,289530,819399335,782864069,1650843063,-1232830537,
290,290530,659888912,1006411183,1447653645,-887174754,
291,291530,794524290,691616735,1001800372,-356068548,
292,292530,227365588,892357637,415387127,225375411,
293,293530,341829225,233018686,-249861828,807202668,
294,294530,-274200037,249286163,-904067515,1313113944,
295,295530,-296421706,-340540413,-1429955235,1633050150,
296,296530,-579231076,-567443366,-1798014995,1790094108,
297,297530,-759424891,-733954725,-1902856048,1679894478,
298,298530,-543613925,-1093608102,-1784715073,1402246208,
299,299530,-772945119,-757804921,-1415394788,927410256,
300,300530,-207584925,-1021850370,-874950953,365260202,
301,301530,-314247626,-414977621,-234332946,-212836374,
302,302530,239664653,-384251857,434113784,-752663827,
303,303530,364905380,111601906,998008843,-1119371889,
304,304530,568007018,461132154,1429105868,-1339626208,
305,305530,877316464,556531177,1611118018,-1297011571,
306,306530,622241176,1032509286,1567529892,-1072746140,
307,307530,922823738,701536456,1269471904,-644631218,
308,308530,390584094,1001672729,772072240,-93124248,
309,309530,466744133,478472715,154619676,489835552,
310,310530,-664904,384957570,-527977368,1071138004,
311,311530,-234631706,-1031554,-1132780986,1496944692,
312,312530,-356548667,-465897049,-1630067702,1792161897,
313,313530,-779376494,-499815516,-1897858681,1835402546,
314,314530,-507000477,-1066028230,-1939534355,1683449394,
315,315530,-852288485,-767664862,-1728059362,1325101034,
316,316530,-383428437,-1076537698,-1292046242,809017889,
317,317530,-410007343,-663753486,-717145887,245176744,
318,318530,-47306338,-497778704,-41983925,-351807784,
319,319530,293420804,-229430879,585152310,-816125365,
320,320530,339868642,335574841,1130132583,-1165353576,
321,321530,853812406,323600166,1470424838,-1279890391,
322,322530,589211743,949652196,1586839558,-1187464535,
323,323530,951551476,711671009,1455785696,-889958268,
324,324530,573096846,1004100909,1079107780,-403784318,
325,325530,536057267,722289689,545901133,147245397,
326,326530,288767396,481242220,-119408204,763146457,
327,327530,-148990592,330288564,-768830317,1273792271,
328,328530,-132190392,-312401762,-1361079317,1684026464,
329,329530,-709929160,-274675518,-1777728901,1882151593,
330,330530,-479457041,-927866402,-1975618000,1863882828,
331,331530,-832170184,-775612006,-1935304616,1644600890,
332,332530,-566146503,-1030368364,-1632964661,1209890387,
333,333530,-457841826,-892474466,-1157393781,691890949,
334,334530,-328889105,-581183114,-521553201,80777859,
335,335530,188862254,-539582236,132566165,-456852040,
336,336530,126417331,152791082,754157184,-908449474,
337,337530,737358694,112141466,1232858005,-1175199148,
338,338530,566331901,759677339,1501420360,-1219590435,
339,339530,885737514,714328032,1544240390,-1069327005,
340,340530,747578599,915819482,1314107657,-682373806,
341,341530,567293718,926428104,895237750,-192650687,
342,342530,551754202,557023854,292271797,414212068,
343,343530,-22839641,609968238,-364240506,982646570,
344,344530,63900824,-100115239,-1012314117,1479125387,
345,345530,-548583317,-79920130,-1552689093,1821264600,
346,346530,-459539675,-691190376,-1895176025,1939105513,
347,347530,-726662468,-767850236,-2026775717,1869967388,
348,348530,-724145864,-906984198,-1880257352,1548792808,
349,349530,-478448891,-1062131861,-1530685411,1104217515,
350,350530,-564301002,-653195878,-977584272,522654619,
351,351530,39312375,-780434237,-335239765,-58068771,
352,352530,-48555516,-86345030,322399976,-581322523,
353,353530,534866743,-64075386,909146153,-983079193,
354,354530,545504436,484428815,1314304161,-1163555732,
355,355530,747289831,690928984,1525463437,-1165653336,
356,356530,880127953,765922062,1459478388,-907029968,
357,357530,582289380,1053505158,1177725253,-503914498,
358,358530,751379990,628767575,677652536,51693297,
359,359530,149344844,806543549,53331257,645185652,
360,360530,215301956,161770086,-609604730,1196320261,
361,361530,-311588584,78477663,-1238887658,1659666494,
362,362530,-433422734,-386489526,-1706887130,1909989430,
363,363530,-563743696,-722653683,-1999162324,1990789740,
364,364530,-823598911,-738760143,-2021262267,1808790332,
365,365530,-492669315,-1139368248,-1816731990,1461081038,
366,366530,-722515306,-726087623,-1383475771,949237171,
367,367530,-153386150,-929033035,-792487648,360743053,
368,368530,-176523513,-364187165,-139754344,-201842588,
369,369530,271185962,-206396633,516139553,-710293363,
370,370530,508467951,161275378,1035157681,-1019705988,
371,371530,568250184,618730092,1397878711,-1168622382,
372,372530,939350516,587749115,1503309859,-1059343496,
373,373530,598784528,1076300376,1373670164,-764012242,
374,374530,864240789,703216315,1009167254,-296526165,
375,375530,357839015,906473127,456118051,284936181,
376,376530,321232049,447656096,-181562727,858477239,
377,377530,-30958581,208300844,-857780221,1410221377,
378,378530,-380290329,-55956013,-1425274991,1782484075,
379,379530,-377298690,-618475993,-1856645341,2003185969,
380,380530,-837685899,-557582095,-2048974966,1976384003,
381,381530,-513538558,-1104978120,-2000608813,1744750198,
382,382530,-788908820,-800154048,-1715049276,1335793173,
383,383530,-371717978,-981446949,-1213600099,778102727,
384,384530,-263853891,-648400878,-604741010,208359344,
385,385530,-16314511,-327504241,75907410,-369963488,
386,386530,433952200,-165093008,679435235,-793856263,
387,387530,381932670,479464680,1167721387,-1075287547,
388,388530,904973592,409700614,1440079135,-1125498207,
389,389530,623900965,984994125,1469555797,-954792704,
390,390530,884940657,773822287,1262995143,-603997621,
391,391530,578161439,915162627,817622471,-73609610,
392,392530,393950074,720129942,242365705,490766129,
393,393530,252678425,325211804,-435090862,1091314576,
394,394530,-280468398,255854626,-1069795071,1567274315,
395,395530,-197952131,-442347008,-1610669737,1910178194,
396,396530,-754223039,-386652016,-1962726659,2042714547,
397,397530,-541522757,-959181842,-2073561296,1941731783,
398,398530,-767308655,-862366183,-1952453450,1659518679,
399,399530,-585548793,-951423808,-1574625557,1171604629,
400,400530,-326978886,-898483232,-1044818662,625764997,
401,401530,-286192173,-444034950,-385614130,19191440,
402,402530,305916251,-452718056,267297497,-496804036,
403,403530,214424912,267153081,848445028,-889980808,
404,404530,773791054,248473573,1271116536,-1097321277,
405,405530,651422677,790022512,1458570936,-1063065624,
406,406530,825850591,822006950,1420759632,-847651923,
407,407530,776170156,853082768,1113940151,-406078679,
408,408530,452194692,938035013,633817200,118933000,
409,409530,499439473,444717887,687117,725917807,
410,410530,-123385269,511805782,-663743898,1279342955,
411,411530,-45714187,-196340199,-1279120238,1721373294,
412,412530,-579443377,-235571185,-1768561520,2004588233,
413,413530,-564269442,-722098639,-2033378017,2043273387,
414,414530,-677308965,-889922488,-2081720983,1901506878,
415,415530,-758866264,-864259653,-1854611450,1519164582,
416,416530,-384898831,-1075078419,-1433976175,1026697192,
417,417530,-502333582,-568340380,-840352969,434163831,
418,418530,120560424,-671242799,-177611056,-143782483,
419,419530,78730940,-7461898,459594976,-623577950,
420,420530,561320660,106637672,1004746750,-973071079,
421,421530,663810913,519928779,1340698836,-1080920491,
422,422530,712122238,822622563,1470819835,-1009506414,
423,423530,916255070,748187115,1325060314,-689460560,
424,424530,513118753,1066129180,967248938,-232240690,
425,425530,679048593,574471113,420132775,340124002,
426,426530,87065102,689679939,-233044872,937434468,
427,427530,73699933,100105701,-885030061,1452020967,
428,428530,-337266569,-100389891,-1479195114,1865185861,
429,429530,-560594917,-429013501,-1884339303,2045652791,
430,430530,-547614409,-857421088,-2095863012,2048291903,
431,431530,-858693930,-748224693,-2036910625,1800426050,
432,432530,-451163323,-1149266486,-1749590757,1388775673,
433,433530,-641890768,-702176570,-1260097305,849422960,
434,434530,-110118964,-807269309,-629449803,246245886,
435,435530,-26544905,-316961829,25262439,-292298269,
436,436530,298515359,-25126717,655965390,-757854493,
437,437530,638124760,214681346,1122457245,-1005857205,
438,438530,573712789,752100799,1409033375,-1077883734,
439,439530,970291283,626978144,1436093679,-903479002,
440,440530,585211329,1083613225,1221385048,-540186483,
441,441530,777036112,709572334,794900463,-38755649,
442,442530,331104341,785105582,195050751,563342464,
443,443530,167949572,412812018,-454920390,1121723050,
444,444530,-63888163,31984100,-1113486601,1634278017,
445,445530,-507771057,-122118416,-1636840506,1950315184,
446,446530,-407274094,-745271503,-1995387072,2092807476,
447,447530,-863680840,-626207334,-2110384697,1998214240,
448,448530,-528126753,-1109550600,-1973708007,1692116311,
449,449530,-699247393,-833912181,-1618562423,1238985052,
450,450530,-359421503,-864963786,-1061569746,651454553,
451,451530,-113948422,-622063478,-427714454,83761094,
452,452530,24551137,-161915951,245601217,-463523278,
453,453530,553940467,-83745919,816369792,-840783299,
454,454530,436799559,596803112,1238939418,-1047978288,
455,455530,925061167,507165512,1438325712,-1032021484,
456,456530,664265962,989007825,1380273283,-785553136,
457,457530,796443894,832139922,1099719428,-384262630,
458,458530,576410203,809652582,593362938,180978400,
459,459530,252858001,699596786,-16962928,752982097,
460,460530,200866138,176653654,-695383853,1327861738,
461,461530,-389694399,159157502,-1306801729,1763835087,
462,462530,-277844809,-547270934,-1788191705,2034703547,
463,463530,-769681640,-509771844,-2070358456,2099985199,
464,464530,-605158448,-964510186,-2093945524,1920250787,
465,465530,-685237080,-940356279,-1893327278,1578541100,
466,466530,-591268119,-861802805,-1448011989,1048227444,
467,467530,-200711170,-880083024,-871631184,482141526,
468,468530,-222364741,-316775971,-200994594,-107922107,
469,469530,401088353,-340656020,440230387,-593884168,
470,470530,317089388,359060001,971328313,-921817275,
471,471530,785845685,393795154,1329975004,-1064470313,
472,472530,733789207,800225970,1433967040,-952982648,
473,473530,754636309,915243890,1314184127,-672778244,
474,474530,785285876,784839593,936301781,-184782697,
475,475530,345032608,919673459,400829081,369726792,
476,476530,422622582,342854136,-252414160,967146008,
477,477530,-203432219,386554515,-914854292,1497764857,
478,478530,-168508295,-274819506,-1488889470,1880055965,
479,479530,-591030723,-397529500,-1919191699,2099100467,
480,480530,-661080479,-740170636,-2104040030,2060827415,
481,481530,-622100025,-992780395,-2067486441,1847327223,
482,482530,-768560631,-821187785,-1765064629,1412513133,
483,483530,-300975812,-1054533551,-1279693939,879475278,
484,484530,-413553960,-493646523,-655673329,286459925,
485,485530,184731724,-535339226,16166376,-278349716,
486,486530,216988387,59122600,623271134,-707707144,
487,487530,575142864,279784036,1116524907,-996752682,
488,488530,769541705,549725627,1378901390,-1031674129,
489,489530,676687843,930421686,1424158740,-885180872,
490,490530,923557962,733894586,1201411041,-509549956,
491,491530,454491487,1042956029,772263591,-4035045,
492,492530,579735898,528113926,186167995,576968461,
493,493530,37585387,547577268,-485306223,1168325630,
494,494530,-75281691,43760275,-1117638582,1640639797,
495,495530,-357011223,-277965380,-1666402889,1995655232,
496,496530,-670429424,-473270647,-2004088490,2106156598,
497,497530,-535687409,-965212666,-2130831928,2029575562,
498,498530,-862212115,-764243640,-1992813324,1721418644,
499,499530,-419240788,-1123307988,-1627576045,1252804829,
500,500530,-535328708,-683168867,-1089497334,694284115,
501,501530,-73833716,-663536714,-430525564,88077625,
502,502530,127099226,-267888181,216762957,-419290223,
503,503530,327095446,150720322,810558541,-831873288,
504,504530,746922789,276262978,1217981255,-1015838559,
505,505530,587224327,856345345,1422664472,-1008004020,
506,506530,968944974,674078155,1370844054,-771087501,
507,507530,579393186,1056492405,1074389711,-345408468,
508,508530,666785346,716266768,591455111,183899356,
509,509530,305100937,645575223,-44900119,795824461,
510,510530,15333136,368417601,-698661142,1332890492,
511,511530,-104488148,-135627192,-1328248925,1796730592,
512,512530,-611604421,-202308657,-1800529956,2053630294,
513,513530,-447492865,-842753645,-2080445234,2115452759,
514,514530,-858099572,-703087703,-2116567992,1954941173,
515,515530,-547056824,-1083191895,-1894734068,1580700936,
516,516530,-590168869,-862931214,-1474844171,1089383466,
517,517530,-340919509,-735162097,-872753115,483862678,
518,518530,31500156,-579164948,-222864644,-74381057,
519,519530,79097609,-7843870,431049422,-579806120,
520,520530,649184553,15797711,960403996,-905064733,
521,521530,503105657,686018521,1310157801,-1034071672,
522,522530,916306859,611605203,1432678644,-951004661,
523,523530,704876418,966665623,1288660484,-633635726,
524,524530,693339471,879877532,936947969,-185775328,
525,525530,561896944,695524456,378650267,403739888,
526,526530,119736299,655890407,-258631554,976686163,
527,527530,130870274,41049212,-926740690,1515998958,
528,528530,-474310766,41258844,-1505848710,1906061654,
529,529530,-368725679,-627312320,-1920709388,2101425091,
530,530530,-760204439,-637720191,-2128041183,2097638664,
531,531530,-663980879,-949496281,-2065462504,1844226347,
532,532530,-593462379,-1002164329,-1787397260,1446767439,
533,533530,-577854598,-768337956,-1283185209,884826758,
534,534530,-84814313,-833435742,-668598396,306278141,
535,535530,-136941297,-202882633,2095313,-256766076,
536,536530,473714601,-206208403,621220848,-704558943,
537,537530,429267405,430555192,1094249189,-962589346,
538,538530,778367544,540607611,1381908897,-1036287277,
539,539530,806250390,796515981,1401854448,-850976496,
540,540530,678873205,986773784,1200384727,-507975810,
541,541530,770131128,716720790,758287969,17404417,
542,542530,249755068,869192678,174968421,594144371,
543,543530,322550499,253032796,-488157643,1172696895,
544,544530,-264229102,239058402,-1137996871,1671862015,
545,545530,-298026230,-338936212,-1662794279,1990119275,
546,546530,-589107435,-557338091,-2026148851,2139994490,
547,547530,-742700273,-751226813,-2129686401,2027820914,
548,548530,-566886357,-1069484659,-2007811981,1744418108,
549,549530,-749880956,-781575147,-1635956359,1265655368,
550,550530,-228878665,-999910026,-1093365158,700217324,
551,551530,-301214737,-428523482,-448792756,116096323,
552,552530,234559723,-378954732,220604959,-425180361,
553,553530,358639765,118133546,788966837,-798760909,
554,554530,582076801,446632697,1220980097,-1020442367,
555,555530,855541885,579001704,1406729790,-983561253,
556,556530,645312743,1008597515,1365191598,-762415825,
557,557530,900096656,725009797,1069335314,-337656817,
558,558530,406489576,985315080,575423173,208486571,
559,559530,458228576,487306275,-41177155,790110359,
560,560530,-3337062,387691258,-719539819,1364914465,
561,561530,-223606359,-12492704,-1323725485,1789796772,
562,562530,-376299265,-445512264,-1817279927,2079318262,
563,563530,-756713853,-523150437,-2083506141,2120145472,
564,564530,-530634355,-1041549775,-2122927180,1964693171,
565,565530,-834053849,-786560910,-1908413998,1601681733,
566,566530,-395218456,-1064437609,-1471557835,1084346227,
567,567530,-409001835,-664776777,-892677176,514421706,
568,568530,-39460825,-505816702,-217167908,-83122375,
569,569530,276150488,-211533083,413650216,-553121436,
570,570530,361441835,313217047,959765184,-904083821,
571,571530,829711070,348431010,1302427306,-1022214527,
572,572530,609425350,928801103,1421432169,-933752997,
573,573530,936888760,726877186,1291215261,-637558114,
574,574530,577704826,999374526,918216688,-157049571,
575,575530,540416937,717726981,385174105,393737274,
576,576530,274260307,496181113,-276482707,1004066007,
577,577530,-128903730,309547977,-925166790,1513585520,
578,578530,-156090012,-287642642,-1514968663,1920046846,
579,579530,-688281029,-297026611,-1929483177,2114878743,
580,580530,-496762289,-910026698,-2126467167,2095226752,
581,581530,-824152047,-783934638,-2082769781,1870773903,
582,582530,-565284718,-1031279138,-1780400667,1436034708,
583,583530,-469167724,-880686063,-1301266848,912556854,
584,584530,-310795620,-599856354,-665052261,300838946,
585,585530,165582558,-515577993,-8379816,-240700522,
586,586530,148953862,129456323,614924839,-694899081,
587,587530,717877295,132271542,1094627089,-963169469,
588,588530,577629749,748078765,1366231731,-1012246644,
589,589530,883095435,717083418,1408983254,-861909037,
590,590530,739528067,924088730,1182317668,-480266032,
591,591530,582927950,910200647,763538752,9352917,
592,592530,529715706,579839622,163217162,612169017,
593,593530,124759,586296734,-492020578,1178617790,
594,594530,42681756,-78178609,-1138982666,1673372760,
595,595530,-534411485,-94608306,-1676651390,2011374418,
596,596530,-465680683,-684906422,-2019217485,2129364942,
597,597530,-731173335,-763142319,-2147483648,2055116524,
598,598530,-711225000,-920290653,-2001150309,1734199676,
599,599530,-498820958,-1041070893,-1648863274,1285447990,
600,600530,-541553552,-676748614,-1094872835,702532025,
601,601530,16820268,-757226382,-451262595,119887464,
602,602530,-31784773,-103659321,208720785,-406956227,
603,603530,525478800,-54320009,795391487,-808615372,
604,604530,544543800,485437881,1203713689,-993961804,
605,605530,757096397,680736663,1414494714,-995469765,
606,606530,861875034,784766952,1351294203,-741097641,
607,607530,604357280,1030697222,1070055982,-338764439,
608,608530,728198276,652787912,571392397,214666568,
609,609530,168273133,787002501,-50962971,805119456,
610,610530,202786055,174643553,-713903203,1356270089,
611,611530,-309024119,75791613,-1340200142,1815065542,
612,612530,-426856569,-393250601,-1808732855,2066209990,
613,613530,-579427249,-706384409,-2098203134,2142683532,
614,614530,-802750488,-760310771,-2120137958,1960414717,
615,615530,-516105073,-1115184524,-1914027926,1610294768,
616,616530,-701926802,-747420544,-1479162090,1096008546,
617,617530,-168625881,-913236249,-888079960,507371507,
618,618530,-170457878,-370402609,-232601392,-59453389,
619,619530,274313226,-209648109,422653006,-566931783,
620,620530,495606453,174539083,944496248,-880662286,
621,621530,587379069,598917379,1307087291,-1029360281,
622,622530,916282737,611632722,1414253593,-922744933,
623,623530,620614859,1053774309,1285837184,-629310395,
624,624530,846564918,721485325,921559351,-162177421,
625,625530,367145763,896808546,371019136,415448164,
626,626530,320880213,447998822,-267345085,990054233,
627,627530,-40658804,218352806,-940766023,1537508152,
628,628530,-363264082,-73522752,-1508669550,1910383483,
629,629530,-399525921,-595480061,-1938156256,2128181886,
630,630530,-815228190,-580861153,-2129616020,2100056682,
631,631530,-533214843,-1084651606,-2080855104,1867838712,
632,632530,-776527258,-812928021,-1793064354,1455457255,
633,633530,-375497611,-977503734,-1292312950,898821066,
634,634530,-270227881,-641799778,-680718625,324867366,
635,635530,-1858360,-342504656,-696017,-252483221,
636,636530,413053795,-143513622,604866694,-679473369,
637,637530,404586656,456080900,1093666939,-961696172,
638,638530,883790313,431647783,1366584570,-1012789768,
639,639530,638987032,969376390,1397997691,-845061753,
640,640530,877777561,781193479,1190791316,-493259088,
641,641530,575219227,918181345,748072844,33073180,
642,642530,405595918,708120959,172004418,598690731,
643,643530,233634192,344948104,-503313089,1195936536,
644,644530,-258228168,232836636,-1137837139,1671614969,
645,645530,-220219906,-419360308,-1677944822,2013359589,
646,646530,-736775736,-404701200,-2028368471,2143402130,
647,647530,-551826637,-948501586,-2139773295,2043289103,
648,648530,-766739462,-862924891,-2016145687,1757196267,
649,649530,-577024859,-960238400,-1639265530,1270729606,
650,650530,-343830023,-881109118,-1107214247,721459849,
651,651530,-264846088,-466110911,-448132639,115088875,
652,652530,283151578,-429153429,205738456,-402382862,
653,653530,233818617,247125015,788191012,-797574979,
654,654530,760558552,262161427,1210411312,-1004231962,
655,655530,655398483,785859651,1400235931,-973600374,
656,656530,831081223,816589223,1361396204,-756591064,
657,657530,761963462,867802950,1056881129,-318558188,
658,658530,472167010,917419804,576343565,207071196,
659,659530,476647325,468264803,-55628284,812274347,
660,660530,-102556519,490236868,-719070050,1364196855,
661,661530,-61553117,-179977026,-1334738217,1806688687,
662,662530,-572104893,-243132133,-1822004203,2086562619,
663,663530,-562405868,-723976159,-2087903810,2126887834,
664,664530,-688637297,-878251776,-2133907239,1981531205,
665,665530,-740771979,-882988433,-1907449165,1600206550,
666,666530,-407171733,-1052058094,-1485459212,1105668407,
667,667530,-480507387,-590880961,-891178400,512120605,
668,668530,102523920,-652561081,-228559608,-65652357,
669,669530,89170934,-18281791,410604650,-548452791,
670,670530,559729587,108257258,954688303,-896293466,
671,671530,655647210,528356852,1292982502,-1007726172,
672,672530,727983195,806265919,1422231767,-934982392,
673,673530,895011103,770156558,1277999537,-617291874,
674,674530,535385642,1043107346,920528236,-160594519,
675,675530,659183399,594973661,373496096,411650433,
676,676530,100372734,675906457,-277961685,1006336346,
677,677530,68780269,105240849,-930975874,1522493376,
678,678530,-342112258,-95379251,-1522842846,1932119338,
679,679530,-547370339,-442683734,-1929029159,2114183672,
680,680530,-567379570,-837028758,-2138857880,2114233603,
681,681530,-836498504,-771174604,-2079867786,1866323297,
682,682530,-472322307,-1127357756,-1792256325,1454217263,
683,683530,-626033634,-718548589,-1301317145,912630852,
684,684530,-118306233,-798824746,-671609123,310894925,
685,685530,-28009746,-315485216,-14661714,-231061854,
686,686530,308837088,-35781742,614870444,-694815565,
687,687530,620326751,233091453,1083187741,-945626397,
688,688530,595343158,729776344,1369503428,-1017266237,
689,689530,948267559,649715020,1397078411,-843651676,
690,690530,603186255,1065000053,1183546107,-482146493,
691,691530,765839304,721162861,756246818,20537892,
692,692530,333072554,783086590,158515371,619377562,
693,693530,175139875,405400878,-492719362,1179687246,
694,694530,-79364290,47959286,-1149348858,1689272270,
695,695530,-487250921,-143350073,-1673222888,2006118106,
696,696530,-429612237,-722188237,-2031030165,2147483647,
697,697530,-843959752,-646553249,-2145150552,2051536732,
698,698530,-542080480,-1095123065,-2009137968,1746446205,
699,699530,-693960384,-839393279,-1652012948,1290281468,
700,700530,-355531236,-869000909,-1096322134,704756530,
701,701530,-126743515,-608852942,-460451121,133980150,
702,702530,43547053,-181505793,212098463,-412137106,
703,703530,1548099027,-1111248350,598176917,-506165215,
704,704530,1992604146,-1011143817,557405767,-2788049,
705,705530,1987917544,-591286879,286089322,735015932,
706,706530,960810398,682533423,-7375196,1342498267,
707,707530,-223182713,1885968622,-140314138,1517401492,
708,708530,-42830307,1449625783,-333430446,1602259881,
709,709530,-308769553,1280032980,-717681558,1827568816,
710,710530,-686615227,1093855913,-1123558975,1984496929,
711,711530,-1632816574,1443952341,-1340999973,1816287752,
712,712530,-2147483648,1385036984,-1253422283,1214597019,
713,713530,-1616782662,365704032,-1045331117,528028047,
714,714530,-601812523,-968006636,-926270218,129548538,
715,715530,-216300756,-1425036750,-824989294,-59793650,
716,716530,-360657073,-1100094242,-519414032,-375809533,
717,717530,223521584,-1318515844,-73046490,-742536454,
718,718530,803887346,-1377431057,323699439,-912575713,
719,719530,2043551433,-2038197799,471577636,-641939032,
720,720530,2058284847,-1440470333,384258046,-21477090,
721,721530,1272535024,-109151803,342524288,449857221,
722,722530,946536899,580361901,329807904,740302317,
723,723530,776098555,893043376,179604575,1067160837,
724,724530,799631184,769988931,-192116537,1545722016,
725,725530,52249096,1222291082,-664096474,2002862142,
726,726530,-1000870013,1814063741,-991919057,2101215492,
727,727530,-1907259012,2147483647,-1074836293,1743091997,
728,728530,-1435998868,1035114290,-1104331633,1290303379,
729,729530,-1149729881,179872583,-1205362303,1004402047,
730,730530,-1132909052,-252528353,-1209962564,689712130,
731,731530,-1060775010,-539405700,-1017101689,236507537,
732,732530,-1071602760,-507978210,-590954353,-388050404,
733,733530,245198998,-1619022290,-163140385,-832826540,
734,734530,1186639744,-2147483648,56319207,-805412750,
735,735530,1511270914,-1906338031,185585277,-538138091,
736,736530,1277770383,-1037168346,354719670,-295846361,
737,737530,1287901308,-456840861,527018668,-92707296,
738,738530,1491925418,-196869322,533845868,264263474,
739,739530,1643131855,-68431841,280078348,869340946,
740,740530,1099356932,552207659,-138505090,1545309374,
741,741530,-341512234,1865677673,-439364815,1854072189,
742,742530,-709384018,1860440363,-631024260,1830162308,
743,743530,-1061560397,1683530329,-857103556,1738481813,
744,744530,-978681676,977396892,-1119481766,1643469470,
745,745530,-1246083088,640917672,-1340806983,1496343016,
746,746530,-1879186806,776004595,-1298943121,1024770123,
747,747530,-1624286871,159865928,-1013939836,316743551,
748,748530,-759122916,-870821883,-708407991,-248294120,
749,749530,213972279,-1777758084,-492043633,-488585593,
750,750530,464828769,-1716819567,-265032739,-570065258,
751,751530,802242190,-1568968083,41991917,-636543976,
752,752530,860143678,-1025475504,390064203,-685051982,
753,753530,1723079520,-1292065171,593025147,-498266378,
754,754530,2147483647,-1171225726,492058417,97420124,
755,755530,1480492466,-66850212,285871798,735348358,
756,756530,918382873,726358427,92847034,1188803893,
757,757530,104076473,1547753140,-93242968,1445218527,
758,758530,22340137,1382289429,-358568855,1640806111,
759,759530,-268804028,1238707433,-761741531,1895137734,
760,760530,-946412258,1362367216,-1126969852,1989733574,
761,761530,-1848004333,1666358400,-1257612557,1688403432,
762,762530,-1837770108,1064932513,-1188235836,1114623275,
763,763530,-1333542887,72964206,-1089182906,595283121,
764,764530,-870190142,-690616076,-972344438,200212989,
765,765530,-301918965,-1336548395,-805887637,-89091583,
766,766530,-500630380,-955430754,-459320590,-467975859,
767,767530,332743762,-1431418204,-8007596,-842277790,
768,768530,1230030824,-1817861459,290220634,-861221061,
769,769530,1782510768,-1768366822,408314942,-544920684,
770,770530,1811804781,-1185740631,414406777,-67725848,
771,771530,1314268158,-152310180,409735609,346782264,
772,772530,1058954674,464178175,368110525,681571770,
773,773530,976164864,686286163,160399015,1096618214,
774,774530,818765074,750225866,-251147589,1636244869,
775,775530,-355791364,1644003337,-651428132,1983425856,
776,776530,-1001483349,1814666996,-904745967,1967532812,
777,777530,-1566768831,1795593191,-1050721899,1706119823,
778,778530,-1476313883,1076809004,-1135318899,1337819654,
779,779530,-1075990793,103639863,-1242107594,1060748364,
780,780530,-1413472339,37439934,-1208516367,687497727,
781,781530,-1210458012,-384706310,-937082641,113792937,
782,782530,-694737151,-897478047,-553329964,-445751838,
783,783530,340971716,-1717998199,-212269598,-757482981,
784,784530,1008642135,-1963519210,22760448,-753946743,
785,785530,1396608689,-1787836666,205859660,-569230096,
786,786530,1203088664,-959979236,409351854,-379632599,
787,787530,1413558399,-586715657,571727846,-161275625,
788,788530,1840736338,-557385297,491388749,329382225,
789,789530,1346509492,238165609,228563927,948345119,
790,790530,905163648,752900421,-99790901,1485929264,
791,791530,-219320183,1739374805,-387932463,1775193560,
792,792530,-692706114,1843203769,-605532747,1791073941,
793,793530,-796927236,1410027084,-883281732,1778635056,
794,794530,-1093835238,1096437206,-1172672203,1725037500,
795,795530,-1565467638,970994171,-1314028904,1455267053,
796,796530,-1798090048,692167611,-1228937835,917413771,
797,797530,-1375108070,-97659774,-1005046541,303113842,
798,798530,-780300912,-848908698,-741261950,-197911130,
799,799530,222674606,-1786761355,-522251414,-442266429,
800,800530,246258920,-1490931212,-256566784,-583048794,
801,801530,672793510,-1435182153,113933018,-746869239,
802,802530,1281851783,-1461326456,407814666,-712270182,
803,803530,1679969005,-1247481213,541421315,-419130016,
804,804530,2016274764,-1035635492,472874288,126836327,
805,805530,1408044561,8018917,304103391,707392589,
806,806530,812662231,835634719,143418228,1111248322,
807,807530,332267702,1311903894,-65609227,1402837197,
808,808530,207579225,1190842216,-406761455,1714716514,
809,809530,-519790964,1498117246,-797384391,1949800526,
810,810530,-1106811506,1528140889,-1087070027,1928539995,
811,811530,-1694666131,1507869340,-1216870274,1625919482,
812,812530,-1844635468,1072033117,-1174703928,1093872776,
813,813530,-1096766155,-171755307,-1117797846,639171037,
814,814530,-1011007472,-545059993,-1018167467,270486531,
815,815530,-611827149,-1016252659,-768868142,-145872139,
816,816530,-287771011,-1175451744,-404988307,-551299077,
817,817530,435193679,-1537291884,-11877586,-836335208,
818,818530,1264245706,-1853211219,261430270,-817067751,
819,819530,1741891553,-1726383988,381015977,-503060657,
820,820530,1607442269,-974534952,432162452,-94959405,
821,821530,1283694641,-120723407,470206914,254047197,
822,822530,1402223742,109403656,370787267,677472864,
823,823530,914930590,749598470,111528195,1171563006,
824,824530,663596249,910582531,-259942538,1649726899,
825,825530,-347358913,1635276403,-633320935,1955659682,
826,826530,-1151224605,1969439242,-861030020,1900492380,
827,827530,-1268016093,1486817353,-1034714612,1681570908,
828,828530,-1401970844,999985541,-1187640881,1418059956,
829,829530,-1333339067,369613369,-1260415188,1088823324,
830,830530,-1457417041,82849896,-1171584585,630859615,
831,831530,-1138838733,-458725709,-905619926,65542438,
832,832530,-629665963,-964725737,-547187641,-455172646,
833,833530,483648762,-1865464996,-244143003,-708600229,
834,834530,878866106,-1829382938,-11112418,-701997779,
835,835530,1121830212,-1503841557,246261693,-631195975,
836,836530,1466903140,-1232663244,451304248,-443970608,
837,837530,1453490661,-627970325,557728452,-139801185,
838,838530,1849887928,-566842913,468580375,364361639,
839,839530,1346384920,238298622,204361527,985459495,
840,840530,641323799,1025585219,-75506499,1448682115,
841,841530,-101023456,1617092248,-337334261,1697598656,
842,842530,-473431464,1616589008,-617162142,1808914529,
843,843530,-861498537,1476775702,-923039625,1839606015,
844,844530,-1222778540,1229701432,-1176637576,1731113259,
845,845530,-1565638368,971154181,-1294365402,1425111418,
846,846530,-1889941425,787105247,-1192685207,861820671,
847,847530,-1119236724,-362110836,-999160401,294088030,
848,848530,-724807653,-906252043,-792316205,-119615812,
849,849530,-79772746,-1474172710,-527624748,-434029845,
850,850530,329811803,-1577307026,-221896121,-636217544,
851,851530,662622613,-1424653501,134811139,-778885400,
852,852530,1384626841,-1567550190,411543486,-717990863,
853,853530,1793170429,-1364479471,505658247,-364282860,
854,854530,1821353582,-834172279,452438943,158175962,
855,855530,1269776228,150916652,344757259,645043831,
856,856530,1011586954,630034583,172537073,1066592298,
857,857530,387419675,1254910101,-83226044,1429855856,
858,858530,166918526,1232868448,-426827646,1745490349,
859,859530,-490209366,1467541361,-815202483,1977125950,
860,860530,-1377074527,1807472340,-1060725707,1888135215,
861,861530,-1513750257,1320868653,-1174500632,1560941542,
862,862530,-1669577952,891113981,-1197830712,1129345430,
863,863530,-1236766746,-27046159,-1147069338,684060890,
864,864530,-1028249148,-527248705,-1018389792,270822886,
865,865530,-697590697,-927618663,-750272615,-174390543,
866,866530,-277633412,-1185932112,-372786665,-600680861,
867,867530,631587931,-1740267904,-17761969,-827308184,
868,868530,1274798035,-1864106308,217810291,-750173786,
869,869530,1480883561,-1456626155,383633054,-507078774,
870,870530,1707392352,-1077855576,464169650,-144043673,
871,871530,1288906643,-126096649,482646637,234972994,
872,872530,1457919222,51841482,371962012,675670093,
873,873530,1061297211,598323680,75780819,1226384523,
874,874530,381424337,1202221001,-270482968,1665890247,
875,875530,-348731047,1636680501,-591950805,1892214847,
876,876530,-1006571682,1819942243,-846295290,1877896937,
877,877530,-1247125961,1465230656,-1050383113,1705599598,
878,878530,-1401845160,999855492,-1206972447,1447706502,
879,879530,-1375945733,413645697,-1271770571,1106238562,
880,880530,-1630037202,261263532,-1143499548,587786588,
881,881530,-987085556,-615579637,-874037881,17107890,
882,882530,-458926096,-1141185917,-574865736,-412721450,
883,883530,283635650,-1658730775,-266164155,-674829958,
884,884530,934153182,-1886539688,-6451467,-709147933,
885,885530,1009443997,-1387678918,261300224,-654259558,
886,886530,1497938379,-1264749565,481034268,-489563989,
887,887530,1671159015,-852933535,541697333,-115212039,
888,888530,1737772476,-450954239,433448038,418239008,
889,889530,1213636404,375489572,214349526,970137819,
890,890530,689281289,976011691,-50142031,1409784039,
891,891530,-63611143,1578427172,-327847306,1683052917,
892,892530,-436947975,1578891756,-621279548,1815228803,
893,893530,-747289762,1358732742,-954636777,1888061847,
894,894530,-1489807973,1505690696,-1179966246,1736216548,
895,895530,-1535671862,940168175,-1254354561,1363751076,
896,896530,-1722193057,613736210,-1189237324,856536251,
897,897530,-1192908382,-285956316,-1012935480,315211882,
898,898530,-636165602,-997878388,-808671413,-94534550,
899,899530,-211120836,-1338413340,-535995884,-421191160,
900,900530,242605510,-1487182209,-190252347,-684747552,
901,901530,821165726,-1588515669,153070075,-806886138,
902,902530,1472654026,-1658522409,384559184,-676606608,
903,903530,1646888756,-1213289536,489617175,-339683297,
904,904530,1841980250,-855497656,459529631,147301029,
905,905530,1212036433,210595419,358547444,623894745,
906,906530,1011649101,629967116,196708557,1029522958,
907,907530,631540730,1002600244,-103927892,1461607370,
908,908530,-31337362,1437788737,-455675546,1789730767,
909,909530,-543295266,1522395454,-797817301,1950460394,
910,910530,-1320896609,1749405966,-1044099868,1862638886,
911,911530,-1528863088,1336492495,-1165561607,1547234916,
912,912530,-1559628745,777479322,-1206314898,1142357300,
913,913530,-1239158500,-24570261,-1175105249,727055828,
914,914530,-1206565417,-342953253,-1013103409,262713148,
915,915530,-673278590,-952757493,-716914691,-225547719,
916,916530,-110804666,-1358351792,-374716206,-597718101,
917,917530,529348768,-1634587071,-31468131,-806289850,
918,918530,1368795081,-1961267423,205763106,-731699823,
919,919530,1355987527,-1327535927,377364916,-497465700,
920,920530,1616948666,-984385840,497305980,-194861801,
921,921530,1517684701,-362547578,490143330,223477775,
922,922530,1413203730,98067237,345753652,715862906,
923,923530,1008101790,653297044,67750651,1238698314,
924,924530,364211649,1220010123,-265562459,1658344334,
925,925530,-392056852,1681457879,-576027453,1867794889,
926,926530,-965809473,1777814702,-830082014,1853032008,
927,927530,-1078321095,1290761376,-1072630960,1739720726,
928,928530,-1571539826,1175253293,-1228808668,1481193985,
929,929530,-1436681650,476408026,-1251271814,1074798933,
930,930530,-1518771647,146262677,-1132460116,570857937,
931,931530,-1073251530,-526514683,-867706623,7398593,
932,932530,-288104616,-1317745178,-584068512,-398606942,
933,933530,207882434,-1580422885,-292629314,-634243329,
934,934530,787728098,-1735212519,7962891,-731257097,
935,935530,1100584994,-1481883682,285651640,-691603514,
936,936530,1565908784,-1334993411,476049607,-481917048,
937,937530,1640674617,-821421873,529921131,-97152693,
938,938530,1763930500,-477991498,422593809,434883271,
939,939530,1134217475,457568560,213345697,971677166,
940,940530,600944794,1067311188,-20492112,1364313059,
941,941530,178762350,1327919177,-326666117,1681243489,
942,942530,-532395984,1677556553,-646949134,1854595557,
943,943530,-788491796,1401307766,-955058357,1888705640,
944,944530,-1462842177,1477816525,-1177782518,1732868805,
945,945530,-1643631116,1051754023,-1237400943,1337751135,
946,946530,-1580109431,466880859,-1178706833,840386777,
947,947530,-1141877260,-338690951,-1037797359,353341115,
948,948530,-757668858,-872300202,-820382358,-76575917,
949,949530,-252317882,-1295839897,-517856703,-449010138,
950,950530,333344256,-1580965355,-181365756,-698375151,
951,951530,761576886,-1526923170,156167402,-811636054,
952,952530,1601549014,-1791744746,374962376,-661888269,
953,953530,1590939266,-1155456459,466803356,-304696115,
954,954530,1669056307,-676777282,478777525,117779938,
955,955530,1391047580,25570480,376467886,596413017,
956,956530,979613463,663088296,187581811,1043521666,
957,957530,651547388,981920945,-110755268,1472076979,
958,958530,-19713807,1425776090,-468204225,1808943894,
959,959530,-653180449,1635964728,-792257067,1941932312,
960,960530,-1315358857,1743678206,-1019541643,1824976491,
961,961530,-1376636857,1179160942,-1170095587,1554190559,
962,962530,-1618655413,838496731,-1227822228,1175340273,
963,963530,-1309696812,48327097,-1172705286,723372730,
964,964530,-1137810041,-414020180,-1010404475,258575414,
965,965530,-808382503,-813114544,-702126708,-248226410,
966,966530,63477205,-1538487616,-367250163,-609167634,
967,967530,543958757,-1649675485,-58588949,-764696895,
968,968530,1219040408,-1806494171,203631784,-728432992,
969,969530,1412364260,-1385809231,392313919,-520391167,
970,970530,1609412897,-976593534,503166180,-203848144,
971,971530,1539833483,-385439219,493268763,218684596,
972,972530,1479099234,29963217,332761835,735787267,
973,973530,955700237,707455913,52439556,1262179478,
974,974530,227702513,1361099203,-246195565,1628641572,
975,975530,-223712770,1507456919,-562692458,1847345183,
976,976530,-997432049,1810510314,-841869868,1871111380,
977,977530,-1092560114,1305474444,-1075909742,1744747863,
978,978530,-1507904969,1109482630,-1241073493,1500003630,
979,979530,-1615301424,661024038,-1242396084,1061185522,
980,980530,-1410735092,34589378,-1110790829,537626459,
981,981530,-1000308049,-601893848,-879337907,25238686,
982,982530,-347950526,-1255890857,-597962130,-377300971,
983,983530,182950743,-1554657664,-290881805,-636924558,
984,984530,799906049,-1747802124,12020484,-737479503,
985,985530,1038477326,-1417691209,298784159,-711742863,
986,986530,1684039004,-1457086428,478801824,-486137401,
987,987530,1673616808,-855465108,505047424,-59005993,
988,988530,1580896764,-288816137,425414591,430555280,
989,989530,1256604691,331063326,227212645,950411382,
990,990530,546457530,1123636703,-19183076,1362307143,
991,991530,212802331,1292734672,-321636949,1673529645,
992,992530,-448335081,1590676350,-663548654,1880053361,
993,993530,-917993030,1535156925,-963171729,1901147848,
994,994530,-1482990857,1498633562,-1158469924,1703250188,
995,995530,-1555772020,960948927,-1230672638,1327433920,
996,996530,-1578422287,465141328,-1188410558,855268735,
997,997530,-1175173007,-304278603,-1041618633,359200854,
998,998530,-696110849,-935925632,-829323345,-62863858,
999,999530,-414791094,-1127913087,-508264316,-463722011,
1000,1000530,444534107,-1695893749,-162513269,-727287114,
1001,1001530,841845921,-1609877330,139836728,-786589455,
