1,1531,710213005,-143969492,
2,2531,1110198386,51912150,
3,3531,1340556613,161145919,
4,4531,1368934744,168390321,
5,5531,1191346920,72627843,
6,6531,832735022,-112691922,
7,7531,343464955,-361541401,
8,8531,-207746783,-638970389,
9,9531,-743484099,-906014829,
10,10531,-1188504322,-1125169089,
11,11531,-1480305703,-1265653690,
12,12531,-1577905513,-1307737876,
13,13531,-1467596198,-1245511129,
14,14531,-1164870329,-1087712967,
15,15531,-712244965,-856505706,
16,16531,-173289893,-584361696,
17,17531,376300202,-309502754,
18,18531,859337021,-70532010,
19,19531,1207979579,98987815,
20,20531,1373261916,175248161,
21,21531,1331970684,147538441,
22,22531,1089905064,19750511,
23,23531,681062632,-190168297,
24,24531,162863875,-452735464,
25,25531,-391911614,-731074212,
26,26531,-905347258,-986092701,
27,27531,-1305332638,-1181974344,
28,28531,-1535690866,-1291208113,
29,29531,-1564068996,-1298452514,
30,30531,-1386481172,-1202690037,
31,31531,-1027869275,-1017370272,
32,32531,-538599207,-768520793,
33,33531,12612531,-491091805,
34,34531,548349846,-224047365,
35,35531,993370070,-4893105,
36,36531,1285171450,135591496,
37,37531,1382771261,177675682,
38,38531,1272461945,115448936,
39,39531,969736076,-42349227,
40,40531,517110713,-273556487,
41,41531,-21844359,-545700497,
42,42531,-571434455,-820559440,
43,43531,-1054471273,-1059530184,
44,44531,-1403113831,-1229050009,
45,45531,-1568396168,-1305310354,
46,46531,-1527104937,-1277600634,
47,47531,-1285039316,-1149812705,
48,48531,-876196885,-939893896,
49,49531,-357998128,-677326729,
50,50531,196777362,-398987982,
51,51531,710213005,-143969492,
52,52531,1110198386,51912150,
53,53531,1340556613,161145919,
54,54531,1368934744,168390321,
55,55531,1191346920,72627843,
56,56531,832735022,-112691922,
57,57531,343464955,-361541401,
58,58531,-207746783,-638970389,
59,59531,-743484099,-906014829,
60,60531,-1188504322,-1125169089,
61,61531,-1480305703,-1265653690,
62,62531,-1577905513,-1307737876,
63,63531,-1467596198,-1245511129,
64,64531,-1164870329,-1087712967,
65,65531,-712244965,-856505706,
66,66531,-173289893,-584361696,
67,67531,376300202,-309502754,
68,68531,859337021,-70532010,
69,69531,1207979579,98987815,
70,70531,1373261916,175248161,
71,71531,1331970684,147538441,
72,72531,1089905064,19750511,
73,73531,681062632,-190168297,
74,74531,162863875,-452735464,
75,75531,-391911614,-731074212,
76,76531,-905347258,-986092701,
77,77531,-1305332638,-1181974344,
78,78531,-1535690866,-1291208113,
79,79531,-1564068996,-1298452514,
80,80531,-1386481172,-1202690037,
81,81531,-1027869275,-1017370272,
82,82531,-538599207,-768520793,
83,83531,12612531,-491091805,
84,84531,548349846,-224047365,
85,85531,993370070,-4893105,
86,86531,1285171450,135591496,
87,87531,1382771261,177675682,
88,88531,1272461945,115448936,
89,89531,969736076,-42349227,
90,90531,517110713,-273556487,
91,91531,-21844359,-545700497,
92,92531,-571434455,-820559440,
93,93531,-1054471273,-1059530184,
94,94531,-1403113831,-1229050009,
95,95531,-1568396168,-1305310354,
96,96531,-1527104937,-1277600634,
97,97531,-1285039316,-1149812705,
98,98531,-876196885,-939893896,
99,99531,-357998128,-677326729,
100,100531,196777362,-398987982,
101,101531,710213005,-143969492,
102,102531,1110198386,51912150,
103,103531,1340556613,161145919,
104,104531,1368934744,168390321,
105,105531,1191346920,72627843,
106,106531,832735022,-112691922,
107,107531,343464955,-361541401,
108,108531,-207746783,-638970389,
109,109531,-743484099,-906014829,
110,110531,-1188504322,-1125169089,
111,111531,-1480305703,-1265653690,
112,112531,-1577905513,-1307737876,
113,113531,-1467596198,-1245511129,
114,114531,-1164870329,-1087712967,
115,115531,-712244965,-856505706,
116,116531,-173289893,-584361696,
117,117531,376300202,-309502754,
118,118531,859337021,-70532010,
119,119531,1207979579,98987815,
120,120531,1373261916,175248161,
121,121531,1331970684,147538441,
122,122531,1089905064,19750511,
123,123531,681062632,-190168297,
124,124531,162863875,-452735464,
125,125531,-391911614,-731074212,
126,126531,-905347258,-986092701,
127,127531,-1305332638,-1181974344,
128,128531,-1535690866,-1291208113,
129,129531,-1564068996,-1298452514,
130,130531,-1386481172,-1202690037,
131,131531,-1027869275,-1017370272,
132,132531,-538599207,-768520793,
133,133531,12612531,-491091805,
134,134531,548349846,-224047365,
135,135531,993370070,-4893105,
136,136531,1285171450,135591496,
137,137531,1382771261,177675682,
138,138531,1272461945,115448936,
139,139531,969736076,-42349227,
140,140531,517110713,-273556487,
141,141531,-21844359,-545700497,
142,142531,-571434455,-820559440,
143,143531,-1054471273,-1059530184,
144,144531,-1403113831,-1229050009,
145,145531,-1568396168,-1305310354,
146,146531,-1527104937,-1277600634,
147,147531,-1285039316,-1149812705,
148,148531,-876196885,-939893896,
149,149531,-357998128,-677326729,
150,150531,196777362,-398987982,
151,151531,710213005,-143969492,
152,152531,1110198386,51912150,
153,153531,1340556613,161145919,
154,154531,1368934744,168390321,
155,155531,1191346920,72627843,
156,156531,832735022,-112691922,
157,157531,343464955,-361541401,
158,158531,-207746783,-638970389,
159,159531,-743484099,-906014829,
160,160531,-1188504322,-1125169089,
161,161531,-1480305703,-1265653690,
162,162531,-1577905513,-1307737876,
163,163531,-1467596198,-1245511129,
164,164531,-1164870329,-1087712967,
165,165531,-712244965,-856505706,
166,166531,-173289893,-584361696,
167,167531,376300202,-309502754,
168,168531,859337021,-70532010,
169,169531,1207979579,98987815,
170,170531,1373261916,175248161,
171,171531,1331970684,147538441,
172,172531,1089905064,19750511,
173,173531,681062632,-190168297,
174,174531,162863875,-452735464,
175,175531,-391911614,-731074212,
176,176531,-905347258,-986092701,
177,177531,-1305332638,-1181974344,
178,178531,-1535690866,-1291208113,
179,179531,-1564068996,-1298452514,
180,180531,-1386481172,-1202690037,
181,181531,-1027869275,-1017370272,
182,182531,-538599207,-768520793,
183,183531,12612531,-491091805,
184,184531,548349846,-224047365,
185,185531,993370070,-4893105,
186,186531,1285171450,135591496,
187,187531,1382771261,177675682,
188,188531,1272461945,115448936,
189,189531,969736076,-42349227,
190,190531,517110713,-273556487,
191,191531,-21844359,-545700497,
192,192531,-571434455,-820559440,
193,193531,-1054471273,-1059530184,
194,194531,-1403113831,-1229050009,
195,195531,-1568396168,-1305310354,
196,196531,-1527104937,-1277600634,
197,197531,-1285039316,-1149812705,
198,198531,-876196885,-939893896,
199,199531,-357998128,-677326729,
200,200531,196777362,-398987982,
201,201531,70228251,-5074089,
202,202531,82214382,541589768,
203,203531,134412839,1097796145,
204,204531,95008915,1596482309,
205,205531,175656044,1965978167,
206,206531,21769407,2147483647,
207,207531,19059181,2099796239,
208,208531,-126354991,1835254984,
209,209531,-99042026,1395761188,
210,210531,-244392803,829667733,
211,211531,-234005007,214699497,
212,212531,-306861218,-372724039,
213,213531,-245014253,-840501411,
214,214531,-201204388,-1130152037,
215,215531,-168459198,-1203233887,
216,216531,-99075119,-1067218964,
217,217531,-27219965,-726417276,
218,218531,97446781,-231480557,
219,219531,68025777,337902962,
220,220531,136334766,893882660,
221,221531,88228613,1363368830,
222,222531,124960660,1682978531,
223,223531,16198479,1798129502,
224,224531,-32655348,1689379821,
225,225531,-142795470,1364832865,
226,226531,-161652221,882576243,
227,227531,-233641623,300779975,
228,228531,-286948512,-305287192,
229,229531,-286942642,-855191427,
230,230531,-255783315,-1262675783,
231,231531,-194358329,-1476224176,
232,232531,-151243922,-1471740779,
233,233531,-77303576,-1252824073,
234,234531,-9152077,-851993376,
235,235531,82925254,-317485583,
236,236531,110214848,265869403,
237,237531,93547521,809776046,
238,238531,104226828,1237417479,
239,239531,74161052,1499856965,
240,240531,11912710,1547905943,
241,241531,-89708512,1369793066,
242,242531,-145253938,992980722,
243,243531,-210898115,471710657,
244,244531,-251205298,-121101296,
245,245531,-283187321,-710890284,
246,246531,-306125309,-1214575174,
247,247531,-232018996,-1562497510,
248,248531,-199361507,-1697101775,
249,249531,-106558913,-1614574531,
250,250531,-90392190,-1325025746,
251,251531,48742184,-868656458,
252,252531,53248692,-305378831,
253,253531,138762224,278909136,
254,254531,78167170,798235667,
255,255531,97104054,1180481325,
256,256531,37086833,1373258103,
257,257531,-7041190,1354030889,
258,258531,-111763261,1108932951,
259,259531,-194883526,680182766,
260,260531,-203882088,127370040,
261,261531,-297183294,-467177107,
262,262531,-263035114,-1035250382,
263,263531,-322386762,-1488622483,
264,264531,-195613389,-1767568734,
265,265531,-213258736,-1829068900,
266,266531,-56131317,-1668485937,
267,267531,-82493464,-1314277247,
268,268531,65245454,-812399792,
269,269531,70572422,-232232155,
270,270531,130164205,346444134,
271,271531,82751058,827637997,
272,272531,67617522,1156270963,
273,273531,33942260,1279725451,
274,274531,-67085769,1187105901,
275,275531,-102713931,879089357,
276,276531,-244930622,404702150,
277,277531,-211294462,-172223636,
278,278531,-315937018,-764090013,
279,279531,-253485152,-1296597328,
280,280531,-322881932,-1698608712,
281,281531,-178727553,-1904951414,
282,282531,-180920697,-1890745560,
283,283531,-58072105,-1657857063,
284,284531,-30383332,-1246779115,
285,285531,57438066,-706085314,
286,286531,96004951,-119240822,
287,287531,109924051,439754496,
288,288531,100629488,880178653,
289,289531,23717291,1144353750,
290,290531,25741254,1196791642,
291,291531,-97929053,1032266239,
292,292531,-135615327,665596886,
293,293531,-252844202,148632277,
294,294531,-241633217,-439682586,
295,295531,-309125158,-1021948501,
296,296531,-270464806,-1514085267,
297,297531,-278148294,-1854565107,
298,298531,-198342433,-1988836836,
299,299531,-126496250,-1899857520,
300,300531,-55474200,-1598336748,
301,301531,4213776,-1135789033,
302,302531,62067950,-570865958,
303,303531,111689283,18592123,
304,304531,100648861,545857959,
305,305531,84017090,936562278,
306,306531,26652501,1133621015,
307,307531,-31643791,1113618383,
308,308531,-94664060,877045753,
309,309531,-184493588,458381090,
310,310531,-246335309,-91809661,
311,311531,-285038818,-687852477,
312,312531,-279184154,-1246462343,
313,313531,-292619905,-1693675249,
314,314531,-244223352,-1968024664,
315,315531,-182022553,-2028433738,
316,316531,-108795024,-1864137309,
317,317531,-23782605,-1503624207,
318,318531,15952949,-994196129,
319,319531,89950261,-413963005,
320,320531,88025414,164782512,
321,321531,131075579,655249266,
322,322531,33172596,988477171,
323,323531,37357908,1114043007,
324,324531,-80637647,1021092019,
325,325531,-102980742,719717610,
326,326531,-225279519,249382691,
327,327531,-244251990,-321569573,
328,328531,-304091779,-916857910,
329,329531,-285174173,-1444983969,
330,330531,-263418538,-1839765917,
331,331531,-248431019,-2042535929,
332,332531,-138915837,-2030770368,
333,333531,-105265515,-1793977643,
334,334531,23456212,-1376913752,
335,335531,4415024,-834310164,
336,336531,132494038,-244448156,
337,337531,62591156,313277354,
338,338531,136040923,758718582,
339,339531,14159911,1027519847,
340,340531,14877859,1083068191,
341,341531,-105978712,914250253,
342,342531,-133409275,554154193,
343,343531,-231897905,41314305,
344,344531,-281784014,-545255180,
345,345531,-279925600,-1128603995,
346,346531,-310113166,-1617800418,
347,347531,-229271564,-1954553423,
348,348531,-242775366,-2085115676,
349,349531,-100211161,-1996510201,
350,350531,-98158592,-1696284054,
351,351531,57667698,-1227045116,
352,352531,20281303,-659515281,
353,353531,127844860,-70673684,
354,354531,79667436,456321424,
355,355531,104755809,851991630,
356,356531,13948089,1050409045,
357,357531,-27327824,1033082863,
358,358531,-107750758,795383422,
359,359531,-186735823,377695714,
360,360531,-224499637,-167649822,
361,361531,-307703431,-760990935,
362,362531,-278087098,-1322720045,
363,363531,-301575581,-1768270621,
364,364531,-217419852,-2037480048,
365,365531,-213917535,-2097080280,
366,366531,-88419753,-1933394947,
367,367531,-51939607,-1571849119,
368,368531,46416572,-1060442637,
369,369531,67300673,-476716759,
370,370531,105338767,102329037,
371,371531,94618510,591051798,
372,372531,72852022,926816973,
373,373531,12362820,1056834379,
374,374531,-67634061,962911524,
375,375531,-126416610,660822158,
376,376531,-203418516,192876349,
377,377531,-258387206,-376382918,
378,378531,-292721243,-969401460,
379,379531,-299132591,-1498397319,
380,380531,-269501343,-1893362845,
381,381531,-226723523,-2093977411,
382,382531,-156277824,-2077470246,
383,383531,-98059496,-1844441073,
384,384531,-1551553,-1426467821,
385,385531,47490527,-881326590,
386,386531,86911412,-288814373,
387,387531,103298208,267199247,
388,388531,87414516,713879327,
389,389531,60601369,982862475,
390,390531,-23878556,1040894710,
391,391531,-66538149,874124267,
392,392531,-183602991,511274336,
393,393531,-193413255,-125861,
394,394531,-298659681,-584269875,
395,395531,-273189359,-1165407915,
396,396531,-319493185,-1658074464,
397,397531,-231877549,-1991653862,
398,398531,-226783259,-2122821923,
399,399531,-122266804,-2030644757,
400,400531,-69543650,-1731841838,
401,401531,8304184,-1262577409,
402,402531,76956115,-694982704,
403,403531,80890803,-101684318,
404,404531,120806716,423890553,
405,405531,49948210,817749921,
406,406531,73230575,1019224611,
407,407531,-76949092,1002604904,
408,408531,-68930078,765875235,
409,409531,-221699314,346787544,
410,410531,-203219474,-196797363,
411,411531,-317153008,-790945870,
412,412531,-269761613,-1348234410,
413,413531,-309163031,-1796958593,
414,414531,-230164834,-2065706481,
415,415531,-182862148,-2123951328,
416,416531,-121308982,-1957513919,
417,417531,-23128407,-1598383540,
418,418531,9300537,-1086245489,
419,419531,109122806,-501584018,
420,420531,65463519,78348247,
421,421531,135939014,568502120,
422,422531,23977204,902295526,
423,423531,53256911,1032997259,
424,424531,-92711016,941006664,
425,425531,-105809992,640440797,
426,426531,-231552560,169301477,
427,427531,-234672580,-397745188,
428,428531,-304693285,-990039930,
429,429531,-294504705,-1518272644,
430,430531,-270598209,-1913677460,
431,431531,-235383039,-2114098072,
432,432531,-145132062,-2097863081,
433,433531,-103675406,-1862197966,
434,434531,5593045,-1444444609,
435,435531,24386363,-901312311,
436,436531,116959276,-307229204,
437,437531,79787353,250912875,
438,438531,106501240,696445492,
439,439531,34968132,965162950,
440,440531,3952173,1023829029,
441,441531,-93879118,857813750,
442,442531,-152098002,495820051,
443,443531,-229124928,-15768313,
444,444531,-271884121,-601356726,
445,445531,-291748356,-1180393577,
446,446531,-296976620,-1671715216,
447,447531,-261018005,-2007034116,
448,448531,-204493153,-2138002636,
449,449531,-134856991,-2044751139,
450,450531,-62113820,-1745143370,
451,451531,6510702,-1276484250,
452,452531,68963949,-708017074,
453,453531,90954452,-116577742,
454,454531,110821241,412158016,
455,455531,70537072,805520825,
456,456531,34859290,1006402278,
457,457531,-33909599,988759622,
458,458531,-107506433,755410883,
459,459531,-182237462,334864245,
460,460531,-249614737,-208693973,
461,461531,-270143117,-802609965,
462,462531,-315514483,-1359814049,
463,463531,-263415365,-1807181400,
464,464531,-270188971,-2076413375,
465,465531,-158209438,-2134886996,
466,466531,-136439948,-1969327271,
467,467531,-8765844,-1606446111,
468,468531,-13153,-1097257133,
469,469531,102446142,-511297258,
470,470531,85652790,67669787,
471,471531,107577797,560155202,
472,472531,60950411,892351080,
473,473531,8174612,1024649543,
474,474531,-47958744,930632206,
475,475531,-150827544,631693998,
476,476531,-178257880,161829448,
477,477531,-294743413,-406830384,
478,478531,-252319616,-999128793,
479,479531,-334892782,-1526583045,
480,480531,-235805177,-1920467955,
481,481531,-266982527,-2123301122,
482,482531,-121960147,-2104789564,
483,483531,-118907795,-1871173639,
484,484531,13063196,-1450983781,
485,485531,30038122,-908772965,
486,486531,96102718,-314160325,
487,487531,105258198,242160638,
488,488531,82308866,690700994,
489,489531,64215067,958512833,
490,490531,-35811535,1016470639,
491,491531,-50230958,851018068,
492,492531,-194739397,489288262,
493,493531,-187066499,-21757998,
494,494531,-311241431,-607711862,
495,495531,-260177316,-1186616575,
496,496531,-325249320,-1678905492,
497,497531,-230123082,-2011527789,
498,498531,-233021776,-2144112894,
499,499531,-118585478,-2051052856,
500,500531,-68521308,-1751141087,
501,501531,10420005,-1281112613,
502,502531,66729805,-713955727,
503,503531,88535863,-121735738,
504,504531,116201615,406510894,
505,505531,60869239,800144381,
506,506531,53048428,1001987423,
507,507531,-58198551,983928225,
508,508531,-86572693,749414264,
509,509531,-199875914,330368677,
510,510531,-226869667,-212721867,
511,511531,-300398369,-807617931,
512,512531,-284288487,-1364825681,
513,513531,-293435685,-1811380051,
514,514531,-240192292,-2080988661,
515,515531,-186387590,-2138729466,
516,516531,-111606706,-1973781634,
517,517531,-35554327,-1611339466,
518,518531,30110393,-1100877164,
519,519531,76804401,-514792513,
520,520531,100589505,63203950,
521,521531,98691536,555658935,
522,522531,68054130,889457130,
523,523531,5186536,1020303930,
524,524531,-51902103,927562759,
525,525531,-140541720,627329828,
526,526531,-197662223,158507832,
527,527531,-264100438,-410602965,
528,528531,-288819350,-1001375929,
529,529531,-299640866,-1531413345,
530,530531,-272986430,-1923479733,
531,531531,-221873319,-2126139499,
532,532531,-172494938,-2107958980,
533,533531,-70507739,-1874710610,
534,534531,-31078306,-1454132145,
535,535531,69409616,-911527959,
536,536531,63939724,-317500200,
537,537531,130143167,240213314,
538,538531,61240335,686263691,
539,539531,78760362,956639139,
540,540531,-36431489,1013428231,
541,541531,-64616521,848999905,
542,542531,-172161580,485116250,
543,543531,-214845147,-23142716,
544,544531,-276430264,-611010032,
545,545531,-302038337,-1188600815,
546,546531,-278368597,-1681694283,
547,547531,-282665290,-2014273180,
548,548531,-177002050,-2146386769,
549,549531,-170532505,-2053018639,
550,550531,-25145587,-1753477517,
551,551531,-28833865,-1284555601,
552,552531,104880677,-714804489,
553,553531,56155390,-124734097,
554,554531,137392601,404903787,
555,555531,50605612,797170016,
556,556531,53241314,1000698386,
557,557531,-48696763,981049641,
558,558531,-102654950,748547356,
559,559531,-180434992,327366775,
560,560531,-252812803,-214625243,
561,561531,-264410005,-809144822,
562,562531,-326321149,-1366554858,
563,563531,-252661185,-1813735937,
564,564531,-278548076,-2082831027,
565,565531,-148544338,-2140062303,
566,566531,-148439498,-1976027373,
567,567531,-799017,-1612409208,
568,568531,-3223381,-1103379962,
569,569531,105999946,-516169798,
570,570531,80390651,61705943,
571,571531,110540011,554410704,
572,572531,58412905,886857704,
573,573531,14071528,1019426946,
574,574531,-55713924,926049437,
575,575531,-144232572,625718530,
576,576531,-188330167,156943626,
577,577531,-277851357,-411978753,
578,578531,-271902971,-1003050979,
579,579531,-317000580,-1532289631,
580,580531,-255337267,-1925043240,
581,581531,-244501868,-2127958818,
582,582531,-143205569,-2108988215,
583,583531,-101537182,-1875551677,
584,584531,-2675201,-1456043254,
585,585531,41866828,-912640951,
586,586531,93017462,-318677270,
587,587531,100019034,238990524,
588,588531,91637129,685183873,
589,589531,48688270,955387715,
590,590531,-10421321,1011955815,
591,591531,-83369347,848122322,
592,592531,-158366208,484506152,
593,593531,-227486301,-25180483,
594,594531,-267097050,-611542792,
595,595531,-303106278,-1189860870,
596,596531,-286846762,-1682305977,
597,597531,-266357905,-2015987940,
598,598531,-200265606,-2146622726,
599,599531,-141867968,-2054969755,
600,600531,-57199489,-1753473227,
601,601531,7737148,-1285904152,
602,602531,60778833,-715845883,
603,603531,105619013,-125842400,
604,604531,89135036,404601083,
605,605531,94282716,796020159,
606,606531,12631650,999419625,
607,607531,-10752791,980867260,
608,608531,-135932712,746951923,
609,609531,-153625455,327429232,
610,610531,-271127809,-216225440,
611,611531,-257985234,-809373297,
612,612531,-320427707,-1368211501,
613,613531,-266842238,-1813079745,
614,614531,-258784005,-2084924715,
615,615531,-176276867,-2140135235,
616,616531,-110663297,-1977094222,
617,617531,-46424874,-1612709318,
618,618531,46569570,-1104474796,
619,619531,54604765,-516631188,
620,620531,130437359,60870613,
621,621531,63848112,553543097,
622,622531,102803387,887050760,
623,623531,-28796912,1017704205,
624,624531,-18487289,926052929,
625,625531,-170658737,624691690,
626,626531,-172968094,157117377,
627,627531,-285190975,-413740941,
628,628531,-271517024,-1002566293,
629,629531,-309909411,-1533748678,
630,630531,-270053838,-1924946363,
631,631531,-221667677,-2128819440,
632,632531,-174541971,-2109464620,
633,633531,-64794959,-1876432453,
634,634531,-39844146,-1456049140,
635,635531,78108703,-913247707,
636,636531,55285793,-319711817,
637,637531,139603532,239074181,
638,638531,53141928,684315269,
639,639531,83411396,955209724,
640,640531,-40193434,1011169722,
641,641531,-59518001,847935352,
642,642531,-176961170,483520417,
643,643531,-211653952,-24838468,
644,644531,-280544622,-612541725,
645,645531,-295499964,-1190314527,
646,646531,-286441094,-1682627538,
647,647531,-272472046,-2016152362,
648,648531,-191614133,-2147483648,
649,649531,-152679473,-2055091974,
650,650531,-43382245,-1754012587,
651,651531,-9796358,-1286300291,
652,652531,83002189,-716083100,
653,653531,78873155,-126233651,
654,654531,117334212,403798327,
655,655531,67273463,796172608,
656,656531,39873249,998959881,
657,657531,-41068430,980306848,
658,658531,-103123301,746617990,
659,659531,-185954426,327306215,
660,660531,-241255172,-216776599,
661,661531,-284599942,-809586307,
662,662531,-297623107,-1368485421,
663,663531,-286560455,-1813819545,
664,664531,-241297662,-2084611435,
665,665531,-189464668,-2140833231,
666,666531,-105760562,-1977255351,
667,667531,-42036283,-1613419685,
668,668531,35333469,-1103906153,
669,669531,70944946,-517882740,
670,670531,108353165,61374455,
671,671531,92516627,552636182,
672,672531,67310558,887225459,
673,673531,13196917,1017119448,
674,674531,-64693215,926226630,
675,675531,-124410314,623845635,
676,676531,-217032009,157124062,
677,677531,-242233755,-413638962,
678,678531,-313845385,-1003446021,
679,679531,-271169680,-1533473012,
680,680531,-301457410,-1925667805,
681,681531,-199458799,-2128405492,
682,682531,-187060597,-2110527477,
683,683531,-61742962,-1875615132,
684,684531,-34707529,-1457524549,
685,685531,65333162,-912329043,
686,686531,77405225,-320623772,
687,687531,106787769,239318520,
688,688531,94302247,683490265,
689,689531,38128944,955718455,
690,690531,6847947,1010536377,
691,691531,-107843873,847764744,
692,692531,-128072809,483613503,
693,693531,-259878301,-25568192,
694,694531,-234825594,-612095223,
695,695531,-335473535,-1190999852,
696,696531,-255425008,-1682324235,
697,697531,-294426929,-2017171420,
698,698531,-176543959,-2146469179,
699,699531,-161352392,-2056342800,
700,700531,-43111611,-1753461055,
701,701531,-335920,-1286996940,
702,702531,64623592,-715737594,
703,703531,104317028,-126887199,
704,704531,437501649,328088716,
705,705531,1854699955,268838679,
706,706531,1688728008,-232479437,
707,707531,191943453,-577998869,
708,708531,-808088254,-681918589,
709,709531,-1139554131,-805334054,
710,710531,-893650654,-1038286055,
711,711531,-824394259,-1315951699,
712,712531,-1511332737,-1460336886,
713,713531,-2069094826,-1323490774,
714,714531,-1535812592,-1015797886,
715,715531,-507467615,-746430122,
716,716531,468122253,-598529043,
717,717531,597070928,-477840252,
718,718531,190672185,-188249432,
719,719531,618177046,206669002,
720,720531,1798754269,345186324,
721,721531,2147483647,85073292,
722,722531,1079297013,-215731600,
723,723531,-190486161,-242460549,
724,724531,-245564844,-253957752,
725,725531,394022270,-639034753,
726,726531,-349712753,-1145592104,
727,727531,-1748376751,-1313508863,
728,728531,-2020464246,-1254418609,
729,729531,-1591526630,-1217511376,
730,730531,-1152527016,-1156350780,
731,731531,-540041006,-1057954605,
732,732531,-511363828,-904555857,
733,733531,-686336829,-537950509,
734,734531,302602620,-101984977,
735,735531,1518456558,88848117,
736,736531,1761975020,54214260,
737,737531,1250699155,20034060,
738,738531,640101926,88035784,
739,739531,643541286,115249394,
740,740531,1204444958,-174342592,
741,741531,573216775,-694460903,
742,742531,-1078997140,-984380885,
743,743531,-1716723952,-988449735,
744,744531,-1262029946,-1074346285,
745,745531,-984556618,-1313156822,
746,746531,-1317344155,-1405757017,
747,747531,-1647952620,-1216040606,
748,748531,-1297831453,-895135032,
749,749531,-272636388,-603282404,
750,750531,538808832,-369808265,
751,751531,1009404380,-205902713,
752,752531,971537721,-66325277,
753,753531,736085664,161474464,
754,754531,1261597749,315065146,
755,755531,1891650687,121916672,
756,756531,1144555429,-256652609,
757,757531,-180035273,-471817100,
758,758531,-651174986,-568220662,
759,759531,-639110857,-770751030,
760,760531,-604274811,-1123062629,
761,761531,-1232801003,-1416549115,
762,762531,-2147483648,-1384848666,
763,763531,-1928830528,-1133009321,
764,764531,-743072845,-992067321,
765,765531,-301524778,-915906896,
766,766531,-250308997,-671114842,
767,767531,135185383,-335247116,
768,768531,566476789,-36431377,
769,769531,1255112512,175783929,
770,770531,1845621284,194379395,
771,771531,1522465898,44009861,
772,772531,643174585,-66065375,
773,773531,301297398,-119653673,
774,774531,340066213,-327736351,
775,775531,195425303,-753567245,
776,776531,-836821281,-1135193651,
777,777531,-1910171431,-1223448582,
778,778531,-1810862888,-1171636451,
779,779531,-1127606397,-1217951864,
780,780531,-1010163295,-1272576630,
781,781531,-1141476868,-1123079391,
782,782531,-935287707,-773599920,
783,783531,-209230563,-397841816,
784,784531,921011631,-173607306,
785,785531,1331101848,-66103238,
786,786531,1115273176,64516085,
787,787531,1083707832,172226804,
788,788531,1164653024,162518964,
789,789531,1070998453,25159082,
790,790531,952489774,-284489238,
791,791531,44417265,-666429073,
792,792531,-1161584490,-857676416,
793,793531,-1251710025,-937535267,
794,794531,-912397270,-1156867891,
795,795531,-1242660929,-1396051222,
796,796531,-1760545534,-1379622676,
797,797531,-1688771037,-1123389079,
798,798531,-958965300,-836153054,
799,799531,84677904,-650451990,
800,800531,441108176,-485311364,
801,801531,413611669,-208069159,
802,802531,816132636,86440550,
803,803531,1376095122,227955733,
804,804531,1614326947,186660185,
805,805531,1424165306,23349391,
806,806531,696317910,-178561671,
807,807531,-38071393,-354807464,
808,808531,-213728988,-563724392,
809,809531,-436280741,-864192142,
810,810531,-939819934,-1185273911,
811,811531,-1634361077,-1360225154,
812,812531,-2032346294,-1285732746,
813,813531,-1490628289,-1126277342,
814,814531,-615557750,-1074359155,
815,815531,-583202139,-971608113,
816,816531,-607512860,-628879367,
817,817531,191153980,-240730126,
818,818531,998196077,-10484954,
819,819531,1467498969,86324866,
820,820531,1496010884,111538822,
821,821531,1083272208,108122922,
822,822531,797904720,61631863,
823,823531,851997481,-130291326,
824,824531,422094468,-457498057,
825,825531,-333821984,-785752006,
826,826531,-1063206853,-1033363568,
827,827531,-1607543806,-1154981377,
828,828531,-1491811404,-1209218135,
829,829531,-1144403747,-1290840308,
830,830531,-1293548199,-1297186224,
831,831531,-1418460562,-1063261808,
832,832531,-739038755,-696741362,
833,833531,195004403,-416908125,
834,834531,904053967,-259621761,
835,835531,972211466,-93410732,
836,836531,910295943,131947570,
837,837531,1273708398,248960212,
838,838531,1544498034,145144442,
839,839531,1118284845,-75917583,
840,840531,484613067,-315999149,
841,841531,-178026113,-565190568,
842,842531,-797513839,-781754543,
843,843531,-886775933,-1003325000,
844,844531,-1089021567,-1249425284,
845,845531,-1626036371,-1375781653,
846,846531,-1822411872,-1293343805,
847,847531,-1375060134,-1093851210,
848,848531,-740572831,-885334155,
849,849531,-42466056,-706044158,
850,850531,168788589,-485169378,
851,851531,295735292,-145519281,
852,852531,1053142823,138968435,
853,853531,1688757836,187679791,
854,854531,1501504036,104922127,
855,855531,1024732579,28457352,
856,856531,652614563,-92471889,
857,857531,279576971,-313630194,
858,858531,21866088,-621595662,
859,859531,-586696364,-941413005,
860,860531,-1314976656,-1166148763,
861,861531,-1674018212,-1263827087,
862,862531,-1621127351,-1262261385,
863,863531,-1315842953,-1209661615,
864,864531,-917640369,-1123299136,
865,865531,-820143943,-923764862,
866,866531,-520405531,-570089651,
867,867531,420962601,-237040355,
868,868531,1137171401,-55690916,
869,869531,1310451219,41515742,
870,870531,1218165334,128861861,
871,871531,1097508174,176499186,
872,872531,1099467593,84459802,
873,873531,1007047416,-192437158,
874,874531,209571053,-515307623,
875,875531,-641055488,-748201863,
876,876531,-984423405,-953243991,
877,877531,-1253701558,-1153654376,
878,878531,-1415431504,-1284930589,
879,879531,-1424757943,-1328718709,
880,880531,-1511442277,-1244532927,
881,881531,-1288424287,-998176432,
882,882531,-443453684,-711690969,
883,883531,239300449,-486932476,
884,884531,604794177,-276871569,
885,885531,832955563,-41119303,
886,886531,1070563845,171727003,
887,887531,1467374070,235985829,
888,888531,1570163035,101800801,
889,889531,957346879,-105896189,
890,890531,254804002,-283186606,
891,891531,-72805754,-500475384,
892,892531,-472879083,-790200633,
893,893531,-885210314,-1077126246,
894,894531,-1385503430,-1270922282,
895,895531,-1767193368,-1314241679,
896,896531,-1632058313,-1243420683,
897,897531,-1133202615,-1123882096,
898,898531,-767148047,-949853932,
899,899531,-342350128,-709711618,
900,900531,88013689,-424623731,
901,901531,508454782,-112440649,
902,902531,1239519029,103194049,
903,903531,1604314198,140116996,
904,904531,1296779203,108238855,
905,905531,942529066,73549775,
906,906531,829063190,-63808661,
907,907531,459394797,-337898423,
908,908531,-42865144,-666971446,
909,909531,-787301936,-949843157,
910,910531,-1419679979,-1118032938,
911,911531,-1495650783,-1221127067,
912,912531,-1386777808,-1296678391,
913,913531,-1408079716,-1273681990,
914,914531,-1226842526,-1110985684,
915,915531,-806072288,-857678486,
916,916531,-279158514,-555398577,
917,917531,529990875,-283666977,
918,918531,1010248846,-93108876,
919,919531,1120326895,59432917,
920,920531,1201721547,177245171,
921,921531,1318063975,188816180,
922,922531,1211616252,43257739,
923,923531,852291832,-224112565,
924,924531,56405680,-497567511,
925,925531,-631137492,-708931461,
926,926531,-825275153,-938842363,
927,927531,-1123681212,-1185827190,
928,928531,-1524487258,-1325929369,
929,929531,-1650516733,-1314699627,
930,930531,-1483148682,-1189781352,
931,931531,-1062971905,-986628869,
932,932531,-350849904,-761981259,
933,933531,70000237,-522608451,
934,934531,411565557,-242989633,
935,935531,913924238,8592454,
936,936531,1299339890,162091396,
937,937531,1478136595,189533032,
938,938531,1397108136,87862931,
939,939531,859897925,-77441082,
940,940531,312688545,-251444328,
941,941531,83512036,-502111119,
942,942531,-407440236,-827499990,
943,943531,-1053744091,-1098692535,
944,944531,-1519330345,-1243250973,
945,945531,-1673922633,-1278010193,
946,946531,-1471551592,-1247903881,
947,947531,-1106357102,-1162072231,
948,948531,-902636159,-972940975,
949,949531,-502175552,-679528407,
950,950531,183490071,-379582091,
951,951531,734083406,-126687608,
952,952531,1209217147,52160879,
953,953531,1402246011,134284799,
954,954531,1234303474,150415479,
955,955531,1072789055,97623351,
956,956531,957051259,-85041465,
957,957531,441636522,-371931062,
958,958531,-214353246,-668519357,
959,959531,-835307831,-919213447,
960,960531,-1311057437,-1096842586,
961,961531,-1375536883,-1235025277,
962,962531,-1406702144,-1329021713,
963,963531,-1545588744,-1281889727,
964,964531,-1320857705,-1078631637,
965,965531,-675932564,-829025908,
966,966531,-123365533,-576532825,
967,967531,460344741,-321859756,
968,968531,856565567,-92797840,
969,969531,1073713360,97375570,
970,970531,1337558653,199175174,
971,971531,1448564561,161132300,
972,972531,1143238403,6211625,
973,973531,657705346,-211485932,
974,974531,86137663,-458946416,
975,975531,-489388207,-704365753,
976,976531,-771306276,-964436170,
977,977531,-1190029005,-1205602045,
978,978531,-1628985082,-1320098669,
979,979531,-1686275465,-1287671540,
980,980531,-1352746467,-1174910028,
981,981531,-961473755,-1010222848,
982,982531,-446480522,-789992885,
983,983531,-51025283,-514035222,
984,984531,405376480,-209645138,
985,985531,1048147999,20049724,
986,986531,1387690308,132903473,
987,987531,1383187084,161411010,
988,988531,1239443125,105218895,
989,989531,915104497,-41801785,
990,990531,452400951,-251970893,
991,991531,118472425,-533389884,
992,992531,-509411263,-844259475,
993,993531,-1158213990,-1078867195,
994,994531,-1478982965,-1216378729,
995,995531,-1537869874,-1281963807,
996,996531,-1455934754,-1273696556,
997,997531,-1209365528,-1173022965,
998,998531,-965501436,-959501985,
999,999531,-486693768,-656962909,
1000,1000531,293577862,-374911999,
1001,1001531,797508445,-153814368,
